StepX 0.5 Xmax 20 StepT 0.505
-0.312107 -0.00309017 0.306229 0.585573 0.807597 0.950567 1.00049 0.952477 0.811229 0.590573 0.312107 0.00309017 -0.306229 -0.585573 -0.807597 -0.950567 -1.00049 -0.952477 -0.811229 -0.590573 -0.312107 -0.00309017 0.306229 0.585573 0.807597 0.950567 1.00049 0.952477 0.811229 0.590573 0.312107 0.00309017 -0.306229 -0.585573 -0.807597 -0.950567 -1.00049 -0.952477 -0.811229 -0.590573 -0.312107
-0.593358 -0.315197 -0.00618336 0.303436 0.583353 0.806167 0.950068 1.00097 0.953889 0.813436 0.593358 0.315197 0.00618336 -0.303436 -0.583353 -0.806167 -0.950068 -1.00097 -0.953889 -0.813436 -0.593358 -0.315197 -0.00618336 0.303436 0.583353 0.806167 0.950068 1.00097 0.953889 0.813436 0.593358 0.315197 0.00618336 -0.303436 -0.583353 -0.806167 -0.950068 -1.00097 -0.953889 -0.813436 -0.593358
-0.815637 -0.596139 -0.318287 -0.00927955 0.300637 0.581125 0.804728 0.949559 1.00144 0.955294 0.815637 0.596139 0.318287 0.00927955 -0.300637 -0.581125 -0.804728 -0.949559 -1.00144 -0.955294 -0.815637 -0.596139 -0.318287 -0.00927955 0.300637 0.581125 0.804728 0.949559 1.00144 0.955294 0.815637 0.596139 0.318287 0.00927955 -0.300637 -0.581125 -0.804728 -0.949559 -1.00144 -0.955294 -0.815637
-0.956691 -0.817832 -0.598918 -0.321378 -0.0123787 0.297832 0.578889 0.80328 0.94904 1.0019 0.956691 0.817832 0.598918 0.321378 0.0123787 -0.297832 -0.578889 -0.80328 -0.94904 -1.0019 -0.956691 -0.817832 -0.598918 -0.321378 -0.0123787 0.297832 0.578889 0.80328 0.94904 1.0019 0.956691 0.817832 0.598918 0.321378 0.0123787 -0.297832 -0.578889 -0.80328 -0.94904 -1.0019 -0.956691
-1.00235 -0.958079 -0.820021 -0.601693 -0.324468 -0.0154808 0.295021 0.576645 0.801822 0.948511 1.00235 0.958079 0.820021 0.601693 0.324468 0.0154808 -0.295021 -0.576645 -0.801822 -0.948511 -1.00235 -0.958079 -0.820021 -0.601693 -0.324468 -0.0154808 0.295021 0.576645 0.801822 0.948511 1.00235 0.958079 0.820021 0.601693 0.324468 0.0154808 -0.295021 -0.576645 -0.801822 -0.948511 -1.00235
-0.947973 -1.0028 -0.95946 -0.822204 -0.604465 -0.327557 -0.0185858 0.292205 0.574393 0.800355 0.947973 1.0028 0.95946 0.822204 0.604465 0.327557 0.0185858 -0.292205 -0.574393 -0.800355 -0.947973 -1.0028 -0.95946 -0.822204 -0.604465 -0.327557 -0.0185858 0.292205 0.574393 0.800355 0.947973 1.0028 0.95946 0.822204 0.604465 0.327557 0.0185858 -0.292205 -0.574393 -0.800355 -0.947973
-0.798879 -0.947425 -1.00323 -0.960832 -0.824381 -0.607234 -0.330647 -0.0216937 0.289383 0.572133 0.798879 0.947425 1.00323 0.960832 0.824381 0.607234 0.330647 0.0216937 -0.289383 -0.572133 -0.798879 -0.947425 -1.00323 -0.960832 -0.824381 -0.607234 -0.330647 -0.0216937 0.289383 0.572133 0.798879 0.947425 1.00323 0.960832 0.824381 0.607234 0.330647 0.0216937 -0.289383 -0.572133 -0.798879
-0.569866 -0.797393 -0.946867 -1.00365 -0.962197 -0.826553 -0.61 -0.333737 -0.0248045 0.286556 0.569866 0.797393 0.946867 1.00365 0.962197 0.826553 0.61 0.333737 0.0248045 -0.286556 -0.569866 -0.797393 -0.946867 -1.00365 -0.962197 -0.826553 -0.61 -0.333737 -0.0248045 0.286556 0.569866 0.797393 0.946867 1.00365 0.962197 0.826553 0.61 0.333737 0.0248045 -0.286556 -0.569866
-0.283723 -0.567591 -0.795899 -0.946299 -1.00407 -0.963553 -0.828718 -0.612763 -0.336826 -0.0279181 0.283723 0.567591 0.795899 0.946299 1.00407 0.963553 0.828718 0.612763 0.336826 0.0279181 -0.283723 -0.567591 -0.795899 -0.946299 -1.00407 -0.963553 -0.828718 -0.612763 -0.336826 -0.0279181 0.283723 0.567591 0.795899 0.946299 1.00407 0.963553 0.828718 0.612763 0.336826 0.0279181 -0.283723
0.0310345 -0.280884 -0.565307 -0.794395 -0.945721 -1.00447 -0.964902 -0.830878 -0.615522 -0.339915 -0.0310345 0.280884 0.565307 0.794395 0.945721 1.00447 0.964902 0.830878 0.615522 0.339915 0.0310345 -0.280884 -0.565307 -0.794395 -0.945721 -1.00447 -0.964902 -0.830878 -0.615522 -0.339915 -0.0310345 0.280884 0.565307 0.794395 0.945721 1.00447 0.964902 0.830878 0.615522 0.339915 0.0310345
0.343004 0.0341537 -0.27804 -0.563017 -0.792881 -0.945134 -1.00487 -0.966242 -0.833032 -0.618278 -0.343004 -0.0341537 0.27804 0.563017 0.792881 0.945134 1.00487 0.966242 0.833032 0.618278 0.343004 0.0341537 -0.27804 -0.563017 -0.792881 -0.945134 -1.00487 -0.966242 -0.833032 -0.618278 -0.343004 -0.0341537 0.27804 0.563017 0.792881 0.945134 1.00487 0.966242 0.833032 0.618278 0.343004
0.621031 0.346092 0.0372756 -0.27519 -0.560718 -0.791359 -0.944536 -1.00526 -0.967574 -0.835179 -0.621031 -0.346092 -0.0372756 0.27519 0.560718 0.791359 0.944536 1.00526 0.967574 0.835179 0.621031 0.346092 0.0372756 -0.27519 -0.560718 -0.791359 -0.944536 -1.00526 -0.967574 -0.835179 -0.621031 -0.346092 -0.0372756 0.27519 0.560718 0.791359 0.944536 1.00526 0.967574 0.835179 0.621031
0.837321 0.62378 0.34918 0.0404003 -0.272335 -0.558412 -0.789827 -0.943929 -1.00563 -0.968898 -0.837321 -0.62378 -0.34918 -0.0404003 0.272335 0.558412 0.789827 0.943929 1.00563 0.968898 0.837321 0.62378 0.34918 0.0404003 -0.272335 -0.558412 -0.789827 -0.943929 -1.00563 -0.968898 -0.837321 -0.62378 -0.34918 -0.0404003 0.272335 0.558412 0.789827 0.943929 1.00563 0.968898 0.837321
0.970214 0.839456 0.626526 0.352268 0.0435276 -0.269474 -0.556097 -0.788286 -0.943312 -1.006 -0.970214 -0.839456 -0.626526 -0.352268 -0.0435276 0.269474 0.556097 0.788286 0.943312 1.006 0.970214 0.839456 0.626526 0.352268 0.0435276 -0.269474 -0.556097 -0.788286 -0.943312 -1.006 -0.970214 -0.839456 -0.626526 -0.352268 -0.0435276 0.269474 0.556097 0.788286 0.943312 1.006 0.970214
1.00636 0.971521 0.841585 0.629269 0.355356 0.0466576 -0.266608 -0.553776 -0.786736 -0.942685 -1.00636 -0.971521 -0.841585 -0.629269 -0.355356 -0.0466576 0.266608 0.553776 0.786736 0.942685 1.00636 0.971521 0.841585 0.629269 0.355356 0.0466576 -0.266608 -0.553776 -0.786736 -0.942685 -1.00636 -0.971521 -0.841585 -0.629269 -0.355356 -0.0466576 0.266608 0.553776 0.786736 0.942685 1.00636
0.942048 1.00671 0.972821 0.843708 0.632008 0.358443 0.0497903 -0.263736 -0.551446 -0.785176 -0.942048 -1.00671 -0.972821 -0.843708 -0.632008 -0.358443 -0.0497903 0.263736 0.551446 0.785176 0.942048 1.00671 0.972821 0.843708 0.632008 0.358443 0.0497903 -0.263736 -0.551446 -0.785176 -0.942048 -1.00671 -0.972821 -0.843708 -0.632008 -0.358443 -0.0497903 0.263736 0.551446 0.785176 0.942048
0.783608 0.941402 1.00705 0.974112 0.845825 0.634744 0.361529 0.0529255 -0.260859 -0.549109 -0.783608 -0.941402 -1.00705 -0.974112 -0.845825 -0.634744 -0.361529 -0.0529255 0.260859 0.549109 0.783608 0.941402 1.00705 0.974112 0.845825 0.634744 0.361529 0.0529255 -0.260859 -0.549109 -0.783608 -0.941402 -1.00705 -0.974112 -0.845825 -0.634744 -0.361529 -0.0529255 0.260859 0.549109 0.783608
0.546764 0.78203 0.940745 1.00737 0.975395 0.847936 0.637476 0.364615 0.0560634 -0.257976 -0.546764 -0.78203 -0.940745 -1.00737 -0.975395 -0.847936 -0.637476 -0.364615 -0.0560634 0.257976 0.546764 0.78203 0.940745 1.00737 0.975395 0.847936 0.637476 0.364615 0.0560634 -0.257976 -0.546764 -0.78203 -0.940745 -1.00737 -0.975395 -0.847936 -0.637476 -0.364615 -0.0560634 0.257976 0.546764
0.255088 0.544411 0.780443 0.940079 1.00769 0.976669 0.850041 0.640205 0.367701 0.0592038 -0.255088 -0.544411 -0.780443 -0.940079 -1.00769 -0.976669 -0.850041 -0.640205 -0.367701 -0.0592038 0.255088 0.544411 0.780443 0.940079 1.00769 0.976669 0.850041 0.640205 0.367701 0.0592038 -0.255088 -0.544411 -0.780443 -0.940079 -1.00769 -0.976669 -0.850041 -0.640205 -0.367701 -0.0592038 0.255088
-0.0623467 0.252195 0.542051 0.778846 0.939403 1.008 0.977935 0.852139 0.64293 0.370786 0.0623467 -0.252195 -0.542051 -0.778846 -0.939403 -1.008 -0.977935 -0.852139 -0.64293 -0.370786 -0.0623467 0.252195 0.542051 0.778846 0.939403 1.008 0.977935 0.852139 0.64293 0.370786 0.0623467 -0.252195 -0.542051 -0.778846 -0.939403 -1.008 -0.977935 -0.852139 -0.64293 -0.370786 -0.0623467
-0.37387 -0.0654921 0.249297 0.539683 0.777241 0.938717 1.00831 0.979193 0.854231 0.645651 0.37387 0.0654921 -0.249297 -0.539683 -0.777241 -0.938717 -1.00831 -0.979193 -0.854231 -0.645651 -0.37387 -0.0654921 0.249297 0.539683 0.777241 0.938717 1.00831 0.979193 0.854231 0.645651 0.37387 0.0654921 -0.249297 -0.539683 -0.777241 -0.938717 -1.00831 -0.979193 -0.854231 -0.645651 -0.37387
-0.648369 -0.376954 -0.06864 0.246393 0.537307 0.775626 0.938021 1.0086 0.980443 0.856317 0.648369 0.376954 0.06864 -0.246393 -0.537307 -0.775626 -0.938021 -1.0086 -0.980443 -0.856317 -0.648369 -0.376954 -0.06864 0.246393 0.537307 0.775626 0.938021 1.0086 0.980443 0.856317 0.648369 0.376954 0.06864 -0.246393 -0.537307 -0.775626 -0.938021 -1.0086 -0.980443 -0.856317 -0.648369
-0.858397 -0.651083 -0.380037 -0.0717903 0.243484 0.534924 0.774002 0.937315 1.00888 0.981684 0.858397 0.651083 0.380037 0.0717903 -0.243484 -0.534924 -0.774002 -0.937315 -1.00888 -0.981684 -0.858397 -0.651083 -0.380037 -0.0717903 0.243484 0.534924 0.774002 0.937315 1.00888 0.981684 0.858397 0.651083 0.380037 0.0717903 -0.243484 -0.534924 -0.774002 -0.937315 -1.00888 -0.981684 -0.858397
-0.982917 -0.86047 -0.653794 -0.383119 -0.074943 0.240569 0.532533 0.772369 0.9366 1.00915 0.982917 0.86047 0.653794 0.383119 0.074943 -0.240569 -0.532533 -0.772369 -0.9366 -1.00915 -0.982917 -0.86047 -0.653794 -0.383119 -0.074943 0.240569 0.532533 0.772369 0.9366 1.00915 0.982917 0.86047 0.653794 0.383119 0.074943 -0.240569 -0.532533 -0.772369 -0.9366 -1.00915 -0.982917
-1.00941 -0.984142 -0.862536 -0.6565 -0.386201 -0.0780982 0.23765 0.530135 0.770727 0.935874 1.00941 0.984142 0.862536 0.6565 0.386201 0.0780982 -0.23765 -0.530135 -0.770727 -0.935874 -1.00941 -0.984142 -0.862536 -0.6565 -0.386201 -0.0780982 0.23765 0.530135 0.770727 0.935874 1.00941 0.984142 0.862536 0.6565 0.386201 0.0780982 -0.23765 -0.530135 -0.770727 -0.935874 -1.00941
-0.935139 -1.00966 -0.985358 -0.864597 -0.659203 -0.389282 -0.0812556 0.234725 0.527729 0.769075 0.935139 1.00966 0.985358 0.864597 0.659203 0.389282 0.0812556 -0.234725 -0.527729 -0.769075 -0.935139 -1.00966 -0.985358 -0.864597 -0.659203 -0.389282 -0.0812556 0.234725 0.527729 0.769075 0.935139 1.00966 0.985358 0.864597 0.659203 0.389282 0.0812556 -0.234725 -0.527729 -0.769075 -0.935139
-0.767414 -0.934393 -1.00991 -0.986565 -0.866651 -0.661902 -0.392362 -0.0844154 0.231795 0.525316 0.767414 0.934393 1.00991 0.986565 0.866651 0.661902 0.392362 0.0844154 -0.231795 -0.525316 -0.767414 -0.934393 -1.00991 -0.986565 -0.866651 -0.661902 -0.392362 -0.0844154 0.231795 0.525316 0.767414 0.934393 1.00991 0.986565 0.866651 0.661902 0.392362 0.0844154 -0.231795 -0.525316 -0.767414
-0.522895 -0.765745 -0.933638 -1.01014 -0.987764 -0.868698 -0.664598 -0.395442 -0.0875775 0.228859 0.522895 0.765745 0.933638 1.01014 0.987764 0.868698 0.664598 0.395442 0.0875775 -0.228859 -0.522895 -0.765745 -0.933638 -1.01014 -0.987764 -0.868698 -0.664598 -0.395442 -0.0875775 0.228859 0.522895 0.765745 0.933638 1.01014 0.987764 0.868698 0.664598 0.395442 0.0875775 -0.228859 -0.522895
-0.225919 -0.520466 -0.764066 -0.932873 -1.01037 -0.988955 -0.870739 -0.667289 -0.398521 -0.0907419 0.225919 0.520466 0.764066 0.932873 1.01037 0.988955 0.870739 0.667289 0.398521 0.0907419 -0.225919 -0.520466 -0.764066 -0.932873 -1.01037 -0.988955 -0.870739 -0.667289 -0.398521 -0.0907419 0.225919 0.520466 0.764066 0.932873 1.01037 0.988955 0.870739 0.667289 0.398521 0.0907419 -0.225919
0.0939085 -0.222974 -0.51803 -0.762378 -0.932098 -1.01058 -0.990137 -0.872774 -0.669977 -0.401598 -0.0939085 0.222974 0.51803 0.762378 0.932098 1.01058 0.990137 0.872774 0.669977 0.401598 0.0939085 -0.222974 -0.51803 -0.762378 -0.932098 -1.01058 -0.990137 -0.872774 -0.669977 -0.401598 -0.0939085 0.222974 0.51803 0.762378 0.932098 1.01058 0.990137 0.872774 0.669977 0.401598 0.0939085
0.404675 0.0970773 -0.220023 -0.515587 -0.76068 -0.931314 -1.01078 -0.991311 -0.874802 -0.672661 -0.404675 -0.0970773 0.220023 0.515587 0.76068 0.931314 1.01078 0.991311 0.874802 0.672661 0.404675 0.0970773 -0.220023 -0.515587 -0.76068 -0.931314 -1.01078 -0.991311 -0.874802 -0.672661 -0.404675 -0.0970773 0.220023 0.515587 0.76068 0.931314 1.01078 0.991311 0.874802 0.672661 0.404675
0.675341 0.407751 0.100248 -0.217068 -0.513136 -0.758974 -0.930519 -1.01098 -0.992476 -0.876823 -0.675341 -0.407751 -0.100248 0.217068 0.513136 0.758974 0.930519 1.01098 0.992476 0.876823 0.675341 0.407751 0.100248 -0.217068 -0.513136 -0.758974 -0.930519 -1.01098 -0.992476 -0.876823 -0.675341 -0.407751 -0.100248 0.217068 0.513136 0.758974 0.930519 1.01098 0.992476 0.876823 0.675341
0.878838 0.678017 0.410826 0.103421 -0.214107 -0.510677 -0.757259 -0.929714 -1.01116 -0.993632 -0.878838 -0.678017 -0.410826 -0.103421 0.214107 0.510677 0.757259 0.929714 1.01116 0.993632 0.878838 0.678017 0.410826 0.103421 -0.214107 -0.510677 -0.757259 -0.929714 -1.01116 -0.993632 -0.878838 -0.678017 -0.410826 -0.103421 0.214107 0.510677 0.757259 0.929714 1.01116 0.993632 0.878838
0.99478 0.880846 0.680688 0.4139 0.106597 -0.211141 -0.508211 -0.755534 -0.9289 -1.01134 -0.99478 -0.880846 -0.680688 -0.4139 -0.106597 0.211141 0.508211 0.755534 0.9289 1.01134 0.99478 0.880846 0.680688 0.4139 0.106597 -0.211141 -0.508211 -0.755534 -0.9289 -1.01134 -0.99478 -0.880846 -0.680688 -0.4139 -0.106597 0.211141 0.508211 0.755534 0.9289 1.01134 0.99478
1.0115 0.99592 0.882848 0.683356 0.416973 0.109774 -0.20817 -0.505738 -0.753801 -0.928075 -1.0115 -0.99592 -0.882848 -0.683356 -0.416973 -0.109774 0.20817 0.505738 0.753801 0.928075 1.0115 0.99592 0.882848 0.683356 0.416973 0.109774 -0.20817 -0.505738 -0.753801 -0.928075 -1.0115 -0.99592 -0.882848 -0.683356 -0.416973 -0.109774 0.20817 0.505738 0.753801 0.928075 1.0115
0.927241 1.01166 0.99705 0.884843 0.68602 0.420045 0.112954 -0.205195 -0.503258 -0.752058 -0.927241 -1.01166 -0.99705 -0.884843 -0.68602 -0.420045 -0.112954 0.205195 0.503258 0.752058 0.927241 1.01166 0.99705 0.884843 0.68602 0.420045 0.112954 -0.205195 -0.503258 -0.752058 -0.927241 -1.01166 -0.99705 -0.884843 -0.68602 -0.420045 -0.112954 0.205195 0.503258 0.752058 0.927241
0.750306 0.926397 1.01181 0.998173 0.886831 0.68868 0.423116 0.116135 -0.202214 -0.50077 -0.750306 -0.926397 -1.01181 -0.998173 -0.886831 -0.68868 -0.423116 -0.116135 0.202214 0.50077 0.750306 0.926397 1.01181 0.998173 0.886831 0.68868 0.423116 0.116135 -0.202214 -0.50077 -0.750306 -0.926397 -1.01181 -0.998173 -0.886831 -0.68868 -0.423116 -0.116135 0.202214 0.50077 0.750306
0.498274 0.748545 0.925543 1.01194 0.999286 0.888812 0.691335 0.426186 0.119319 -0.199229 -0.498274 -0.748545 -0.925543 -1.01194 -0.999286 -0.888812 -0.691335 -0.426186 -0.119319 0.199229 0.498274 0.748545 0.925543 1.01194 0.999286 0.888812 0.691335 0.426186 0.119319 -0.199229 -0.498274 -0.748545 -0.925543 -1.01194 -0.999286 -0.888812 -0.691335 -0.426186 -0.119319 0.199229 0.498274
0.196238 0.495772 0.746775 0.924679 1.01207 1.00039 0.890787 0.693987 0.429255 0.122504 -0.196238 -0.495772 -0.746775 -0.924679 -1.01207 -1.00039 -0.890787 -0.693987 -0.429255 -0.122504 0.196238 0.495772 0.746775 0.924679 1.01207 1.00039 0.890787 0.693987 0.429255 0.122504 -0.196238 -0.495772 -0.746775 -0.924679 -1.01207 -1.00039 -0.890787 -0.693987 -0.429255 -0.122504 0.196238
-0.125691 0.193243 0.493262 0.744996 0.923805 1.01219 1.00149 0.892755 0.696634 0.432322 0.125691 -0.193243 -0.493262 -0.744996 -0.923805 -1.01219 -1.00149 -0.892755 -0.696634 -0.432322 -0.125691 0.193243 0.493262 0.744996 0.923805 1.01219 1.00149 0.892755 0.696634 0.432322 0.125691 -0.193243 -0.493262 -0.744996 -0.923805 -1.01219 -1.00149 -0.892755 -0.696634 -0.432322 -0.125691
