StepX 0.5 Xmax 20 StepT 0.3
-0.18541 0.123607 0.420524 0.676278 0.865833 0.970634 0.980423 0.894241 0.720524 0.476278 0.18541 -0.123607 -0.420524 -0.676278 -0.865833 -0.970634 -0.980423 -0.894241 -0.720524 -0.476278 -0.18541 0.123607 0.420524 0.676278 0.865833 0.970634 0.980423 0.894241 0.720524 0.476278 0.18541 -0.123607 -0.420524 -0.676278 -0.865833 -0.970634 -0.980423 -0.894241 -0.720524 -0.476278 -0.18541
-0.359931 -0.0618034 0.242374 0.522826 0.7521 0.907753 0.974549 0.94595 0.824754 0.622826 0.359931 0.0618034 -0.242374 -0.522826 -0.7521 -0.907753 -0.974549 -0.94595 -0.824754 -0.622826 -0.359931 -0.0618034 0.242374 0.522826 0.7521 0.907753 0.974549 0.94595 0.824754 0.622826 0.359931 0.0618034 -0.242374 -0.522826 -0.7521 -0.907753 -0.974549 -0.94595 -0.824754 -0.622826 -0.359931
-0.517668 -0.24068 0.0598675 0.354555 0.614535 0.814361 0.934472 0.96311 0.897472 0.743983 0.517668 0.24068 -0.0598675 -0.354555 -0.614535 -0.814361 -0.934472 -0.96311 -0.897472 -0.743983 -0.517668 -0.24068 0.0598675 0.354555 0.614535 0.814361 0.934472 0.96311 0.897472 0.743983 0.517668 0.24068 -0.0598675 -0.354555 -0.614535 -0.814361 -0.934472 -0.96311 -0.897472 -0.743983 -0.517668
-0.653457 -0.406873 -0.120461 0.177742 0.458547 0.694466 0.862405 0.945927 0.936854 0.836076 0.653457 0.406873 0.120461 -0.177742 -0.458547 -0.694466 -0.862405 -0.945927 -0.936854 -0.836076 -0.653457 -0.406873 -0.120461 0.177742 0.458547 0.694466 0.862405 0.945927 0.936854 0.836076 0.653457 0.406873 0.120461 -0.177742 -0.458547 -0.694466 -0.862405 -0.945927 -0.936854 -0.836076 -0.653457
-0.763028 -0.554823 -0.292308 -0.00117967 0.290064 0.552914 0.761642 0.895814 0.942298 0.896543 0.763028 0.554823 0.292308 0.00117967 -0.290064 -0.552914 -0.761642 -0.895814 -0.942298 -0.896543 -0.763028 -0.554823 -0.292308 -0.00117967 0.290064 0.552914 0.761642 0.895814 0.942298 0.896543 0.763028 0.554823 0.292308 0.00117967 -0.290064 -0.552914 -0.761642 -0.895814 -0.942298 -0.896543 -0.763028
-0.843137 -0.679746 -0.449817 -0.175857 0.115318 0.395204 0.636405 0.815311 0.914408 0.923996 0.843137 0.679746 0.449817 0.175857 -0.115318 -0.395204 -0.636405 -0.815311 -0.914408 -0.923996 -0.843137 -0.679746 -0.449817 -0.175857 0.115318 0.395204 0.636405 0.815311 0.914408 0.923996 0.843137 0.679746 0.449817 0.175857 -0.115318 -0.395204 -0.636405 -0.815311 -0.914408 -0.923996 -0.843137
-0.891652 -0.777781 -0.587775 -0.340233 -0.0593869 0.227272 0.491685 0.707967 0.854949 0.918243 0.891652 0.777781 0.587775 0.340233 0.0593869 -0.227272 -0.491685 -0.707967 -0.854949 -0.918243 -0.891652 -0.777781 -0.587775 -0.340233 -0.0593869 0.227272 0.491685 0.707967 0.854949 0.918243 0.891652 0.777781 0.587775 0.340233 0.0593869 -0.227272 -0.491685 -0.707967 -0.854949 -0.918243 -0.891652
-0.907607 -0.846104 -0.701778 -0.488758 -0.227895 0.0552768 0.333037 0.578198 0.76676 0.880267 0.907607 0.846104 0.701778 0.488758 0.227895 -0.0552768 -0.333037 -0.578198 -0.76676 -0.880267 -0.907607 -0.846104 -0.701778 -0.488758 -0.227895 0.0552768 0.333037 0.578198 0.76676 0.880267 0.907607 0.846104 0.701778 0.488758 0.227895 -0.0552768 -0.333037 -0.578198 -0.76676 -0.880267 -0.907607
-0.891203 -0.883006 -0.788374 -0.61657 -0.384413 -0.114626 0.166381 0.431101 0.653623 0.812163 0.891203 0.883006 0.788374 0.61657 0.384413 0.114626 -0.166381 -0.431101 -0.653623 -0.812163 -0.891203 -0.883006 -0.788374 -0.61657 -0.384413 -0.114626 0.166381 0.431101 0.653623 0.812163 0.891203 0.883006 0.788374 0.61657 0.384413 0.114626 -0.166381 -0.431101 -0.653623 -0.812163 -0.891203
-0.843779 -0.887924 -0.845153 -0.719652 -0.523707 -0.276498 -0.0022232 0.272269 0.52011 0.717039 0.843779 0.887924 0.845153 0.719652 0.523707 0.276498 0.0022232 -0.272269 -0.52011 -0.717039 -0.843779 -0.887924 -0.845153 -0.719652 -0.523707 -0.276498 -0.0022232 0.272269 0.52011 0.717039 0.843779 0.887924 0.845153 0.719652 0.523707 0.276498 0.0022232 -0.272269 -0.52011 -0.717039 -0.843779
-0.767735 -0.861437 -0.870815 -0.794953 -0.641274 -0.424823 -0.166788 0.107574 0.371405 0.598881 0.767735 0.861437 0.870815 0.794953 0.641274 0.424823 0.166788 -0.107574 -0.371405 -0.598881 -0.767735 -0.861437 -0.870815 -0.794953 -0.641274 -0.424823 -0.166788 0.107574 0.371405 0.598881 0.767735 0.861437 0.870815 0.794953 0.641274 0.424823 0.166788 -0.107574 -0.371405 -0.598881 -0.767735
-0.666423 -0.805216 -0.865188 -0.84047 -0.733481 -0.554694 -0.321609 -0.0570433 0.213106 0.462396 0.666423 0.805216 0.865188 0.84047 0.733481 0.554694 0.321609 0.0570433 -0.213106 -0.462396 -0.666423 -0.805216 -0.865188 -0.84047 -0.733481 -0.554694 -0.321609 -0.0570433 0.213106 0.462396 0.666423 0.805216 0.865188 0.84047 0.733481 0.554694 0.321609 0.0570433 -0.213106 -0.462396 -0.666423
-0.544007 -0.72194 -0.829205 -0.855301 -0.797675 -0.661966 -0.46146 -0.215783 0.0510166 0.312822 0.544007 0.72194 0.829205 0.855301 0.797675 0.661966 0.46146 0.215783 -0.0510166 -0.312822 -0.544007 -0.72194 -0.829205 -0.855301 -0.797675 -0.661966 -0.46146 -0.215783 0.0510166 0.312822 0.544007 0.72194 0.829205 0.855301 0.797675 0.661966 0.46146 0.215783 -0.0510166 -0.312822 -0.544007
-0.405296 -0.61518 -0.764846 -0.839643 -0.83225 -0.743391 -0.581764 -0.363189 -0.109063 0.155739 0.405296 0.61518 0.764846 0.839643 0.83225 0.743391 0.581764 0.363189 0.109063 -0.155739 -0.405296 -0.61518 -0.764846 -0.839643 -0.83225 -0.743391 -0.581764 -0.363189 -0.109063 0.155739 0.405296 0.61518 0.764846 0.839643 0.83225 0.743391 0.581764 0.363189 0.109063 -0.155739 -0.405296
-0.255562 -0.48925 -0.675046 -0.794765 -0.836686 -0.796707 -0.67874 -0.494334 -0.261539 -0.00314238 0.255562 0.48925 0.675046 0.794765 0.836686 0.796707 0.67874 0.494334 0.261539 0.00314238 -0.255562 -0.48925 -0.675046 -0.794765 -0.836686 -0.796707 -0.67874 -0.494334 -0.261539 -0.00314238 0.255562 0.48925 0.675046 0.794765 0.836686 0.796707 0.67874 0.494334 0.261539 0.00314238 -0.255562
-0.100339 -0.349037 -0.563568 -0.722934 -0.811533 -0.820694 -0.74952 -0.604978 -0.401216 -0.15818 0.100339 0.349037 0.563568 0.722934 0.811533 0.820694 0.74952 0.604978 0.401216 0.15818 -0.100339 -0.349037 -0.563568 -0.722934 -0.811533 -0.820694 -0.74952 -0.604978 -0.401216 -0.15818 0.100339 0.349037 0.563568 0.722934 0.811533 0.820694 0.74952 0.604978 0.401216 0.15818 -0.100339
0.0547725 -0.199818 -0.434849 -0.627314 -0.758373 -0.815198 -0.792225 -0.691703 -0.523473 -0.304002 -0.0547725 0.199818 0.434849 0.627314 0.758373 0.815198 0.792225 0.691703 0.523473 0.304002 0.0547725 -0.199818 -0.434849 -0.627314 -0.758373 -0.815198 -0.792225 -0.691703 -0.523473 -0.304002 -0.0547725 0.199818 0.434849 0.627314 0.758373 0.815198 0.792225 0.691703 0.523473 0.304002 0.0547725
0.20431 -0.0470638 -0.293831 -0.511835 -0.679738 -0.781103 -0.806009 -0.752016 -0.624411 -0.435684 -0.20431 0.0470638 0.293831 0.511835 0.679738 0.781103 0.806009 0.752016 0.624411 0.435684 0.20431 -0.0470638 -0.293831 -0.511835 -0.679738 -0.781103 -0.806009 -0.752016 -0.624411 -0.435684 -0.20431 0.0470638 0.293831 0.511835 0.679738 0.781103 0.806009 0.752016 0.624411 0.435684 0.20431
0.343135 0.10376 -0.145771 -0.381033 -0.578996 -0.720284 -0.791065 -0.784412 -0.700974 -0.54892 -0.343135 -0.10376 0.145771 0.381033 0.578996 0.720284 0.791065 0.784412 0.700974 0.54892 0.343135 0.10376 -0.145771 -0.381033 -0.578996 -0.720284 -0.791065 -0.784412 -0.700974 -0.54892 -0.343135 -0.10376 0.145771 0.381033 0.578996 0.720284 0.791065 0.784412 0.700974 0.54892 0.343135
0.466606 0.247385 0.00394806 -0.239875 -0.460218 -0.635512 -0.748597 -0.788404 -0.751037 -0.640153 -0.466606 -0.247385 -0.00394806 0.239875 0.460218 0.635512 0.748597 0.788404 0.751037 0.640153 0.466606 0.247385 0.00394806 -0.239875 -0.460218 -0.635512 -0.748597 -0.788404 -0.751037 -0.640153 -0.466606 -0.247385 -0.00394806 0.239875 0.460218 0.635512 0.748597 0.788404 0.751037 0.640153 0.466606
0.570734 0.378918 0.15001 -0.0935813 -0.328012 -0.530335 -0.680746 -0.764519 -0.773457 -0.706683 -0.570734 -0.378918 -0.15001 0.0935813 0.328012 0.530335 0.680746 0.764519 0.773457 0.706683 0.570734 0.378918 0.15001 -0.0935813 -0.328012 -0.530335 -0.680746 -0.764519 -0.773457 -0.706683 -0.570734 -0.378918 -0.15001 0.0935813 0.328012 0.530335 0.680746 0.764519 0.773457 0.706683 0.570734
0.652303 0.494007 0.287355 0.0525736 -0.187354 -0.408942 -0.5905 -0.714255 -0.768094 -0.746747 -0.652303 -0.494007 -0.287355 -0.0525736 0.187354 0.408942 0.5905 0.714255 0.768094 0.746747 0.652303 0.494007 0.287355 0.0525736 -0.187354 -0.408942 -0.5905 -0.714255 -0.768094 -0.746747 -0.652303 -0.494007 -0.287355 -0.0525736 0.187354 0.408942 0.5905 0.714255 0.768094 0.746747 0.652303
0.70897 0.588985 0.411346 0.193442 -0.0433973 -0.275989 -0.481565 -0.640002 -0.735791 -0.759556 -0.70897 -0.588985 -0.411346 -0.193442 0.0433973 0.275989 0.481565 0.640002 0.735791 0.759556 0.70897 0.588985 0.411346 0.193442 -0.0433973 -0.275989 -0.481565 -0.640002 -0.735791 -0.759556 -0.70897 -0.588985 -0.411346 -0.193442 0.0433973 0.275989 0.481565 0.640002 0.735791 0.759556 0.70897
0.739321 0.660976 0.51793 0.324185 0.0987064 -0.136434 -0.358219 -0.54494 -0.678317 -0.745297 -0.739321 -0.660976 -0.51793 -0.324185 -0.0987064 0.136434 0.358219 0.54494 0.678317 0.745297 0.739321 0.660976 0.51793 0.324185 0.0987064 -0.136434 -0.358219 -0.54494 -0.678317 -0.745297 -0.739321 -0.660976 -0.51793 -0.324185 -0.0987064 0.136434 0.358219 0.54494 0.678317 0.745297 0.739321
0.742907 0.707983 0.603757 0.440432 0.233993 0.00465028 -0.225148 -0.432907 -0.598291 -0.705109 -0.742907 -0.707983 -0.603757 -0.440432 -0.233993 -0.00465028 0.225148 0.432907 0.598291 0.705109 0.742907 0.707983 0.603757 0.440432 0.233993 0.00465028 -0.225148 -0.432907 -0.598291 -0.705109 -0.742907 -0.707983 -0.603757 -0.440432 -0.233993 -0.00465028 0.225148 0.432907 0.598291 0.705109 0.742907
0.720228 0.728937 0.666293 0.538427 0.357856 0.142256 -0.0872691 -0.308252 -0.499061 -0.641018 -0.720228 -0.728937 -0.666293 -0.538427 -0.357856 -0.142256 0.0872691 0.308252 0.499061 0.641018 0.720228 0.728937 0.666293 0.538427 0.357856 0.142256 -0.0872691 -0.308252 -0.499061 -0.641018 -0.720228 -0.728937 -0.666293 -0.538427 -0.357856 -0.142256 0.0872691 0.308252 0.499061 0.641018 0.720228
0.672702 0.723712 0.703879 0.615147 0.466199 0.271616 0.0504461 -0.175662 -0.384575 -0.555844 -0.672702 -0.723712 -0.703879 -0.615147 -0.466199 -0.271616 -0.0504461 0.175662 0.384575 0.555844 0.672702 0.723712 0.703879 0.615147 0.466199 0.271616 0.0504461 -0.175662 -0.384575 -0.555844 -0.672702 -0.723712 -0.703879 -0.615147 -0.466199 -0.271616 -0.0504461 0.175662 0.384575 0.555844 0.672702
0.602587 0.693106 0.715779 0.668386 0.555567 0.388366 0.183148 -0.0399972 -0.259227 -0.453083 -0.602587 -0.693106 -0.715779 -0.668386 -0.555567 -0.388366 -0.183148 0.0399972 0.259227 0.453083 0.602587 0.693106 0.715779 0.668386 0.555567 0.388366 0.183148 -0.0399972 -0.259227 -0.453083 -0.602587 -0.693106 -0.715779 -0.668386 -0.555567 -0.388366 -0.183148 0.0399972 0.259227 0.453083 0.602587
0.512884 0.638795 0.702175 0.696822 0.623259 0.488687 0.306279 0.09389 -0.127689 -0.33677 -0.512884 -0.638795 -0.702175 -0.696822 -0.623259 -0.488687 -0.306279 -0.09389 0.127689 0.33677 0.512884 0.638795 0.702175 0.696822 0.623259 0.488687 0.306279 0.09389 -0.127689 -0.33677 -0.512884 -0.638795 -0.702175 -0.696822 -0.623259 -0.488687 -0.306279 -0.09389 0.127689 0.33677 0.512884
0.407215 0.563249 0.664147 0.700034 0.667397 0.56943 0.415724 0.221323 0.00525831 -0.211321 -0.407215 -0.563249 -0.664147 -0.700034 -0.667397 -0.56943 -0.415724 -0.221323 -0.00525831 0.211321 0.407215 0.563249 0.664147 0.700034 0.667397 0.56943 0.415724 0.221323 0.00525831 -0.211321 -0.407215 -0.563249 -0.664147 -0.700034 -0.667397 -0.56943 -0.415724 -0.221323 -0.00525831 0.211321 0.407215
0.289679 0.469629 0.603608 0.678502 0.686979 0.62821 0.507947 0.337963 0.134897 -0.0813736 -0.289679 -0.469629 -0.603608 -0.678502 -0.686979 -0.62821 -0.507947 -0.337963 -0.134897 0.0813736 0.289679 0.469629 0.603608 0.678502 0.686979 0.62821 0.507947 0.337963 0.134897 -0.0813736 -0.289679 -0.469629 -0.603608 -0.678502 -0.686979 -0.62821 -0.507947 -0.337963 -0.134897 0.0813736 0.289679
0.164696 0.361659 0.52322 0.633565 0.681893 0.663471 0.580105 0.439954 0.256737 0.048389 -0.164696 -0.361659 -0.52322 -0.633565 -0.681893 -0.663471 -0.580105 -0.439954 -0.256737 -0.048389 0.164696 0.361659 0.52322 0.633565 0.681893 0.663471 0.580105 0.439954 0.256737 0.048389 -0.164696 -0.361659 -0.52322 -0.633565 -0.681893 -0.663471 -0.580105 -0.439954 -0.256737 -0.048389 0.164696
0.0368449 0.243481 0.426283 0.567358 0.652896 0.674524 0.630125 0.524045 0.366667 0.173398 -0.0368449 -0.243481 -0.426283 -0.567358 -0.652896 -0.674524 -0.630125 -0.524045 -0.366667 -0.173398 0.0368449 0.243481 0.426283 0.567358 0.652896 0.674524 0.630125 0.524045 0.366667 0.173398 -0.0368449 -0.243481 -0.426283 -0.567358 -0.652896 -0.674524 -0.630125 -0.524045 -0.366667 -0.173398 0.0368449
-0.0893007 0.119499 0.316602 0.482713 0.601573 0.661547 0.656764 0.587693 0.461094 0.289359 0.0893007 -0.119499 -0.316602 -0.482713 -0.601573 -0.661547 -0.656764 -0.587693 -0.461094 -0.289359 -0.0893007 0.119499 0.316602 0.482713 0.601573 0.661547 0.656764 0.587693 0.461094 0.289359 0.0893007 -0.119499 -0.316602 -0.482713 -0.601573 -0.661547 -0.656764 -0.587693 -0.461094 -0.289359 -0.0893007
-0.209336 -0.00578069 0.19834 0.383047 0.530257 0.625563 0.659634 0.629136 0.537053 0.3924 0.209336 0.00578069 -0.19834 -0.383047 -0.530257 -0.625563 -0.659634 -0.629136 -0.537053 -0.3924 -0.209336 -0.00578069 0.19834 0.383047 0.530257 0.625563 0.659634 0.629136 0.537053 0.3924 0.209336 0.00578069 -0.19834 -0.383047 -0.530257 -0.625563 -0.659634 -0.629136 -0.537053 -0.3924 -0.209336
-0.319174 -0.127914 0.0758677 0.272223 0.441931 0.56838 0.639192 0.647435 0.592303 0.479192 0.319174 0.127914 -0.0758677 -0.272223 -0.441931 -0.56838 -0.639192 -0.647435 -0.592303 -0.479192 -0.319174 -0.127914 0.0758677 0.272223 0.441931 0.56838 0.639192 0.647435 0.592303 0.479192 0.319174 0.127914 -0.0758677 -0.272223 -0.441931 -0.56838 -0.639192 -0.647435 -0.592303 -0.479192 -0.319174
-0.415185 -0.24267 -0.0464012 0.15441 0.340106 0.49251 0.596704 0.642489 0.625382 0.547058 0.415185 0.24267 0.0464012 -0.15441 -0.340106 -0.49251 -0.596704 -0.642489 -0.625382 -0.547058 -0.415185 -0.24267 -0.0464012 0.15441 0.340106 0.49251 0.596704 0.642489 0.625382 0.547058 0.415185 0.24267 0.0464012 -0.15441 -0.340106 -0.49251 -0.596704 -0.642489 -0.625382 -0.547058 -0.415185
-0.494309 -0.346179 -0.164163 0.0339232 0.228688 0.401068 0.534188 0.615018 0.635646 0.594052 0.494309 0.346179 0.164163 -0.0339232 -0.228688 -0.401068 -0.534188 -0.615018 -0.635646 -0.594052 -0.494309 -0.346179 -0.164163 0.0339232 0.228688 0.401068 0.534188 0.615018 0.635646 0.594052 0.494309 0.346179 0.164163 -0.0339232 -0.228688 -0.401068 -0.534188 -0.615018 -0.635646 -0.594052 -0.494309
-0.554155 -0.435057 -0.273372 -0.0849283 0.111829 0.29764 0.454316 0.56652 0.623269 0.619009 0.554155 0.435057 0.273372 0.0849283 -0.111829 -0.29764 -0.454316 -0.56652 -0.623269 -0.619009 -0.554155 -0.435057 -0.273372 -0.0849283 0.111829 0.29764 0.454316 0.56652 0.623269 0.619009 0.554155 0.435057 0.273372 0.0849283 -0.111829 -0.29764 -0.454316 -0.56652 -0.623269 -0.619009 -0.554155
-0.593067 -0.506516 -0.370383 -0.197995 -0.00622529 0.186154 0.36031 0.499198 0.58922 0.621565 0.593067 0.506516 0.370383 0.197995 0.00622529 -0.186154 -0.36031 -0.499198 -0.58922 -0.621565 -0.593067 -0.506516 -0.370383 -0.197995 -0.00622529 0.186154 0.36031 0.499198 0.58922 0.621565 0.593067 0.506516 0.370383 0.197995 0.00622529 -0.186154 -0.36031 -0.499198 -0.58922 -0.621565 -0.593067
-0.610166 -0.558447 -0.452063 -0.301428 -0.121287 0.0707263 0.255816 0.415865 0.535206 0.602158 0.610166 0.558447 0.452063 0.301428 0.121287 -0.0707263 -0.255816 -0.415865 -0.535206 -0.602158 -0.610166 -0.558447 -0.452063 -0.301428 -0.121287 0.0707263 0.255816 0.415865 0.535206 0.602158 0.610166 0.558447 0.452063 0.301428 0.121287 -0.0707263 -0.255816 -0.415865 -0.535206 -0.602158 -0.610166
-0.605361 -0.589478 -0.515893 -0.391809 -0.229371 -0.0444817 0.144762 0.319836 0.463602 0.561987 0.605361 0.589478 0.515893 0.391809 0.229371 0.0444817 -0.144762 -0.319836 -0.463602 -0.561987 -0.605361 -0.589478 -0.515893 -0.391809 -0.229371 -0.0444817 0.144762 0.319836 0.463602 0.561987 0.605361 0.589478 0.515893 0.391809 0.229371 0.0444817 -0.144762 -0.319836 -0.463602 -0.561987 -0.605361
-0.579337 -0.599008 -0.560044 -0.466259 -0.326834 -0.155416 0.0312159 0.214792 0.377342 0.502956 0.579337 0.599008 0.560044 0.466259 0.326834 0.155416 -0.0312159 -0.214792 -0.377342 -0.502956 -0.579337 -0.599008 -0.560044 -0.466259 -0.326834 -0.155416 0.0312159 0.214792 0.377342 0.502956 0.579337 0.599008 0.560044 0.466259 0.326834 0.155416 -0.0312159 -0.214792 -0.377342 -0.502956 -0.579337
-0.533508 -0.587205 -0.583422 -0.52253 -0.410489 -0.258267 -0.080763 0.104646 0.279812 0.427588 0.533508 0.587205 0.583422 0.52253 0.410489 0.258267 0.080763 -0.104646 -0.279812 -0.427588 -0.533508 -0.587205 -0.583422 -0.52253 -0.410489 -0.258267 -0.080763 0.104646 0.279812 0.427588 0.533508 0.587205 0.583422 0.52253 0.410489 0.258267 0.080763 -0.104646 -0.279812 -0.427588 -0.533508
-0.469956 -0.554987 -0.585692 -0.559066 -0.477714 -0.3496 -0.187265 -0.00659931 0.174712 0.338922 0.469956 0.554987 0.585692 0.559066 0.477714 0.3496 0.187265 0.00659931 -0.174712 -0.338922 -0.469956 -0.554987 -0.585692 -0.559066 -0.477714 -0.3496 -0.187265 -0.00659931 0.174712 0.338922 0.469956 0.554987 0.585692 0.559066 0.477714 0.3496 0.187265 0.00659931 -0.174712 -0.338922 -0.469956
-0.391336 -0.503968 -0.567269 -0.575041 -0.526525 -0.426468 -0.284666 -0.114999 0.0659254 0.240396 0.391336 0.503968 0.567269 0.575041 0.526525 0.426468 0.284666 0.114999 -0.0659254 -0.240396 -0.391336 -0.503968 -0.567269 -0.575041 -0.526525 -0.426468 -0.284666 -0.114999 0.0659254 0.240396 0.391336 0.503968 0.567269 0.575041 0.526525 0.426468 0.284666 0.114999 -0.0659254 -0.240396 -0.391336
-0.300772 -0.436389 -0.529289 -0.570378 -0.555635 -0.486502 -0.369747 -0.216799 -0.0426291 0.135714 0.300772 0.436389 0.529289 0.570378 0.555635 0.486502 0.369747 0.216799 0.0426291 -0.135714 -0.300772 -0.436389 -0.529289 -0.570378 -0.555635 -0.486502 -0.369747 -0.216799 -0.0426291 0.135714 0.300772 0.436389 0.529289 0.570378 0.555635 0.486502 0.369747 0.216799 0.0426291 -0.135714 -0.300772
-0.201737 -0.355019 -0.473549 -0.545724 -0.564481 -0.527982 -0.4398 -0.308568 -0.147131 0.028708 0.201737 0.355019 0.473549 0.545724 0.564481 0.527982 0.4398 0.308568 0.147131 -0.028708 -0.201737 -0.355019 -0.473549 -0.545724 -0.564481 -0.527982 -0.4398 -0.308568 -0.147131 0.028708 0.201737 0.355019 0.473549 0.545724 0.564481 0.527982 0.4398 0.308568 0.147131 -0.028708 -0.201737
-0.0979197 -0.26305 -0.402431 -0.502419 -0.553227 -0.549881 -0.492709 -0.387308 -0.243993 -0.0767955 0.0979197 0.26305 0.402431 0.502419 0.553227 0.549881 0.492709 0.387308 0.243993 0.0767955 -0.0979197 -0.26305 -0.402431 -0.502419 -0.553227 -0.549881 -0.492709 -0.387308 -0.243993 -0.0767955 0.0979197 0.26305 0.402431 0.502419 0.553227 0.549881 0.492709 0.387308 0.243993 0.0767955 -0.0979197
0.00690944 -0.163972 -0.318802 -0.442426 -0.522742 -0.551889 -0.527012 -0.450549 -0.329982 -0.177114 -0.00690944 0.163972 0.318802 0.442426 0.522742 0.551889 0.527012 0.450549 0.329982 0.177114 0.00690944 -0.163972 -0.318802 -0.442426 -0.522742 -0.551889 -0.527012 -0.450549 -0.329982 -0.177114 -0.00690944 0.163972 0.318802 0.442426 0.522742 0.551889 0.527012 0.450549 0.329982 0.177114 0.00690944
0.109032 -0.061443 -0.225904 -0.368252 -0.474552 -0.534401 -0.541938 -0.496427 -0.402322 -0.268835 -0.109032 0.061443 0.225904 0.368252 0.474552 0.534401 0.541938 0.496427 0.402322 0.268835 0.109032 -0.061443 -0.225904 -0.368252 -0.474552 -0.534401 -0.541938 -0.496427 -0.402322 -0.268835 -0.109032 0.061443 0.225904 0.368252 0.474552 0.534401 0.541938 0.496427 0.402322 0.268835 0.109032
0.204914 0.0408422 -0.127227 -0.282843 -0.410772 -0.498492 -0.537416 -0.523734 -0.458785 -0.348927 -0.204914 -0.0408422 0.127227 0.282843 0.410772 0.498492 0.537416 0.523734 0.458785 0.348927 0.204914 0.0408422 -0.127227 -0.282843 -0.410772 -0.498492 -0.537416 -0.523734 -0.458785 -0.348927 -0.204914 -0.0408422 0.127227 0.282843 0.410772 0.498492 0.537416 0.523734 0.458785 0.348927 0.204914
0.291322 0.139285 -0.0263856 -0.189474 -0.334015 -0.44586 -0.514061 -0.531943 -0.497754 -0.414842 -0.291322 -0.139285 0.0263856 0.189474 0.334015 0.44586 0.514061 0.531943 0.497754 0.414842 0.291322 0.139285 -0.0263856 -0.189474 -0.334015 -0.44586 -0.514061 -0.531943 -0.497754 -0.414842 -0.291322 -0.139285 0.0263856 0.189474 0.334015 0.44586 0.514061 0.531943 0.497754 0.414842 0.291322
0.365434 0.230507 0.0730169 -0.0916208 -0.24729 -0.378753 -0.47314 -0.521214 -0.518267 -0.464589 -0.365434 -0.230507 -0.0730169 0.0916208 0.24729 0.378753 0.47314 0.521214 0.518267 0.464589 0.365434 0.230507 0.0730169 -0.0916208 -0.24729 -0.378753 -0.47314 -0.521214 -0.518267 -0.464589 -0.365434 -0.230507 -0.0730169 0.0916208 0.24729 0.378753 0.47314 0.521214 0.518267 0.464589 0.365434
0.424927 0.311463 0.167511 0.00716179 -0.153888 -0.299875 -0.416508 -0.49237 -0.520035 -0.496796 -0.424927 -0.311463 -0.167511 -0.00716179 0.153888 0.299875 0.416508 0.49237 0.520035 0.496796 0.424927 0.311463 0.167511 0.00716179 -0.153888 -0.299875 -0.416508 -0.49237 -0.520035 -0.496796 -0.424927 -0.311463 -0.167511 -0.00716179 0.153888 0.299875 0.416508 0.49237 0.520035 0.496796 0.424927
0.468048 0.379541 0.253882 0.103371 -0.0572583 -0.212283 -0.346528 -0.446853 -0.503436 -0.51074 -0.468048 -0.379541 -0.253882 -0.103371 0.0572583 0.212283 0.346528 0.446853 0.503436 0.51074 0.468048 0.379541 0.253882 0.103371 -0.0572583 -0.212283 -0.346528 -0.446853 -0.503436 -0.51074 -0.468048 -0.379541 -0.253882 -0.103371 0.0572583 0.212283 0.346528 0.446853 0.503436 0.51074 0.468048
0.493663 0.432646 0.329278 0.193678 0.0391195 -0.119268 -0.265981 -0.386658 -0.469486 -0.506357 -0.493663 -0.432646 -0.329278 -0.193678 -0.0391195 0.119268 0.265981 0.386658 0.469486 0.506357 0.493663 0.432646 0.329278 0.193678 0.0391195 -0.119268 -0.265981 -0.386658 -0.469486 -0.506357 -0.493663 -0.432646 -0.329278 -0.193678 -0.0391195 0.119268 0.265981 0.386658 0.469486 0.506357 0.493663
0.50128 0.469256 0.391299 0.275038 0.131855 -0.0242356 -0.177953 -0.314252 -0.419789 -0.484235 -0.50128 -0.469256 -0.391299 -0.275038 -0.131855 0.0242356 0.177953 0.314252 0.419789 0.484235 0.50128 0.469256 0.391299 0.275038 0.131855 -0.0242356 -0.177953 -0.314252 -0.419789 -0.484235 -0.50128 -0.469256 -0.391299 -0.275038 -0.131855 0.0242356 0.177953 0.314252 0.419789 0.484235 0.50128
0.491053 0.48847 0.438073 0.344794 0.217765 0.0694185 -0.0857227 -0.232473 -0.356467 -0.445567 -0.491053 -0.48847 -0.438073 -0.344794 -0.217765 -0.0694185 0.0857227 0.232473 0.356467 0.445567 0.491053 0.48847 0.438073 0.344794 0.217765 0.0694185 -0.0857227 -0.232473 -0.356467 -0.445567 -0.491053 -0.48847 -0.438073 -0.344794 -0.217765 -0.0694185 0.0857227 0.232473 0.356467 0.445567 0.491053
0.463761 0.49002 0.468311 0.400762 0.293982 0.158426 0.00736201 -0.144423 -0.28207 -0.392107 -0.463761 -0.49002 -0.468311 -0.400762 -0.293982 -0.158426 -0.00736201 0.144423 0.28207 0.392107 0.463761 0.49002 0.468311 0.400762 0.293982 0.158426 0.00736201 -0.144423 -0.28207 -0.392107 -0.463761 -0.49002 -0.468311 -0.400762 -0.293982 -0.158426 -0.00736201 0.144423 0.28207 0.392107 0.463761
0.420769 0.474265 0.481336 0.441291 0.35805 0.23976 0.0980005 -0.0533519 -0.199482 -0.326085 -0.420769 -0.474265 -0.481336 -0.441291 -0.35805 -0.23976 -0.0980005 0.0533519 0.199482 0.326085 0.420769 0.474265 0.481336 0.441291 0.35805 0.23976 0.0980005 -0.0533519 -0.199482 -0.326085 -0.420769 -0.474265 -0.481336 -0.441291 -0.35805 -0.23976 -0.0980005 0.0533519 0.199482 0.326085 0.420769
0.363959 0.442167 0.477093 0.465318 0.407995 0.310734 0.183056 0.0374595 -0.111804 -0.250123 -0.363959 -0.442167 -0.477093 -0.465318 -0.407995 -0.310734 -0.183056 -0.0374595 0.111804 0.250123 0.363959 0.442167 0.477093 0.465318 0.407995 0.310734 0.183056 0.0374595 -0.111804 -0.250123 -0.363959 -0.442167 -0.477093 -0.465318 -0.407995 -0.310734 -0.183056 -0.0374595 0.111804 0.250123 0.363959
0.295657 0.395242 0.456138 0.472383 0.442389 0.36909 0.259663 0.124817 -0.0222458 -0.167132 -0.295657 -0.395242 -0.456138 -0.472383 -0.442389 -0.36909 -0.259663 -0.124817 0.0222458 0.167132 0.295657 0.395242 0.456138 0.472383 0.442389 0.36909 0.259663 0.124817 -0.0222458 -0.167132 -0.295657 -0.395242 -0.456138 -0.472383 -0.442389 -0.36909 -0.259663 -0.124817 0.0222458 0.167132 0.295657
0.218542 0.335491 0.4196 0.462636 0.460386 0.41307 0.325319 0.205725 0.0659922 -0.0802001 -0.218542 -0.335491 -0.4196 -0.462636 -0.460386 -0.41307 -0.325319 -0.205725 -0.0659922 0.0802001 0.218542 0.335491 0.4196 0.462636 0.460386 0.41307 0.325319 0.205725 0.0659922 -0.0802001 -0.218542 -0.335491 -0.4196 -0.462636 -0.460386 -0.41307 -0.325319 -0.205725 -0.0659922 0.0802001 0.218542
0.135537 0.265322 0.369135 0.436815 0.461736 0.441459 0.37797 0.277482 0.149832 0.00751526 -0.135537 -0.265322 -0.369135 -0.436815 -0.461736 -0.441459 -0.37797 -0.277482 -0.149832 -0.00751526 0.135537 0.265322 0.369135 0.436815 0.461736 0.441459 0.37797 0.277482 0.149832 0.00751526 -0.135537 -0.265322 -0.369135 -0.436815 -0.461736 -0.441459 -0.37797 -0.277482 -0.149832 -0.00751526 0.135537
0.0497056 0.187451 0.306847 0.396207 0.446783 0.453625 0.416063 0.337774 0.226422 0.0929051 -0.0497056 -0.187451 -0.306847 -0.396207 -0.446783 -0.453625 -0.416063 -0.337774 -0.226422 -0.0929051 0.0497056 0.187451 0.306847 0.396207 0.446783 0.453625 0.416063 0.337774 0.226422 0.0929051 -0.0497056 -0.187451 -0.306847 -0.396207 -0.446783 -0.453625 -0.416063 -0.337774 -0.226422 -0.0929051 0.0497056
-0.0358609 0.104804 0.235209 0.342591 0.416437 0.44952 0.4386 0.384748 0.293233 0.173015 0.0358609 -0.104804 -0.235209 -0.342591 -0.416437 -0.44952 -0.4386 -0.384748 -0.293233 -0.173015 -0.0358609 0.104804 0.235209 0.342591 0.416437 0.44952 0.4386 0.384748 0.293233 0.173015 0.0358609 -0.104804 -0.235209 -0.342591 -0.416437 -0.44952 -0.4386 -0.384748 -0.293233 -0.173015 -0.0358609
