StepX 0.408163 Xmax 20 StepT 0.408163
-0.253654 0 0.253655 0.490718 0.695683 0.855143 0.958668 0.999486 0.974928 0.886599 0.740278 0.545535 0.315108 0.0640702 -0.191159 -0.433884 -0.648229 -0.820172 -0.938468 -0.995379 -0.987182 -0.914413 -0.781831 -0.59811 -0.375267 -0.127877 0.127877 0.375267 0.598111 0.781832 0.914413 0.987182 0.995379 0.938468 0.820172 0.648228 0.433883 0.191158 -0.0640705 -0.315108 -0.545535 -0.740278 -0.886599 -0.974928 -0.999486 -0.958668 -0.855143 -0.695682 -0.490717 -0.253654
-0.490717 -0.253654 0 0.253655 0.490718 0.695683 0.855143 0.958668 0.999486 0.974928 0.886599 0.740278 0.545535 0.315108 0.0640702 -0.191159 -0.433884 -0.648229 -0.820172 -0.938468 -0.995379 -0.987182 -0.914413 -0.781831 -0.59811 -0.375267 -0.127877 0.127877 0.375267 0.598111 0.781832 0.914413 0.987182 0.995379 0.938468 0.820172 0.648228 0.433883 0.191158 -0.0640705 -0.315108 -0.545535 -0.740278 -0.886599 -0.974928 -0.999486 -0.958668 -0.855143 -0.695682 -0.490717
-0.695682 -0.490717 -0.253654 0 0.253655 0.490718 0.695683 0.855143 0.958668 0.999486 0.974928 0.886599 0.740278 0.545535 0.315108 0.0640702 -0.191159 -0.433884 -0.648229 -0.820172 -0.938468 -0.995379 -0.987182 -0.914413 -0.781831 -0.59811 -0.375267 -0.127877 0.127877 0.375267 0.598111 0.781832 0.914413 0.987182 0.995379 0.938468 0.820172 0.648228 0.433883 0.191158 -0.0640705 -0.315108 -0.545535 -0.740278 -0.886599 -0.974928 -0.999486 -0.958668 -0.855143 -0.695682
-0.855143 -0.695682 -0.490717 -0.253654 0 0.253655 0.490718 0.695683 0.855143 0.958668 0.999486 0.974928 0.886599 0.740278 0.545535 0.315108 0.0640702 -0.191159 -0.433884 -0.648229 -0.820172 -0.938468 -0.995379 -0.987182 -0.914413 -0.781831 -0.59811 -0.375267 -0.127877 0.127877 0.375267 0.598111 0.781832 0.914413 0.987182 0.995379 0.938468 0.820172 0.648228 0.433883 0.191158 -0.0640705 -0.315108 -0.545535 -0.740278 -0.886599 -0.974928 -0.999486 -0.958668 -0.855143
-0.958668 -0.855143 -0.695682 -0.490717 -0.253654 0 0.253655 0.490718 0.695683 0.855143 0.958668 0.999486 0.974928 0.886599 0.740278 0.545535 0.315108 0.0640702 -0.191159 -0.433884 -0.648229 -0.820172 -0.938468 -0.995379 -0.987182 -0.914413 -0.781831 -0.59811 -0.375267 -0.127877 0.127877 0.375267 0.598111 0.781832 0.914413 0.987182 0.995379 0.938468 0.820172 0.648228 0.433883 0.191158 -0.0640705 -0.315108 -0.545535 -0.740278 -0.886599 -0.974928 -0.999486 -0.958668
-0.999486 -0.958668 -0.855143 -0.695682 -0.490717 -0.253654 0 0.253655 0.490718 0.695683 0.855143 0.958668 0.999486 0.974928 0.886599 0.740278 0.545535 0.315108 0.0640702 -0.191159 -0.433884 -0.648229 -0.820172 -0.938468 -0.995379 -0.987182 -0.914413 -0.781831 -0.59811 -0.375267 -0.127877 0.127877 0.375267 0.598111 0.781832 0.914413 0.987182 0.995379 0.938468 0.820172 0.648228 0.433883 0.191158 -0.0640705 -0.315108 -0.545535 -0.740278 -0.886599 -0.974928 -0.999486
-0.974928 -0.999486 -0.958668 -0.855143 -0.695682 -0.490717 -0.253654 0 0.253655 0.490718 0.695683 0.855143 0.958668 0.999486 0.974928 0.886599 0.740278 0.545535 0.315108 0.0640702 -0.191159 -0.433884 -0.648229 -0.820172 -0.938468 -0.995379 -0.987182 -0.914413 -0.781831 -0.59811 -0.375267 -0.127877 0.127877 0.375267 0.598111 0.781832 0.914413 0.987182 0.995379 0.938468 0.820172 0.648228 0.433883 0.191158 -0.0640705 -0.315108 -0.545535 -0.740278 -0.886599 -0.974928
-0.886599 -0.974928 -0.999486 -0.958668 -0.855143 -0.695682 -0.490717 -0.253654 0 0.253655 0.490718 0.695683 0.855143 0.958668 0.999486 0.974928 0.886599 0.740278 0.545535 0.315108 0.0640702 -0.191159 -0.433884 -0.648229 -0.820172 -0.938468 -0.995379 -0.987182 -0.914413 -0.781831 -0.59811 -0.375267 -0.127877 0.127877 0.375267 0.598111 0.781832 0.914413 0.987182 0.995379 0.938468 0.820172 0.648228 0.433883 0.191158 -0.0640705 -0.315108 -0.545535 -0.740278 -0.886599
-0.740278 -0.886599 -0.974928 -0.999486 -0.958668 -0.855143 -0.695682 -0.490717 -0.253654 0 0.253655 0.490718 0.695683 0.855143 0.958668 0.999486 0.974928 0.886599 0.740278 0.545535 0.315108 0.0640702 -0.191159 -0.433884 -0.648229 -0.820172 -0.938468 -0.995379 -0.987182 -0.914413 -0.781831 -0.59811 -0.375267 -0.127877 0.127877 0.375267 0.598111 0.781832 0.914413 0.987182 0.995379 0.938468 0.820172 0.648228 0.433883 0.191158 -0.0640705 -0.315108 -0.545535 -0.740278
-0.545535 -0.740278 -0.886599 -0.974928 -0.999486 -0.958668 -0.855143 -0.695682 -0.490717 -0.253654 0 0.253655 0.490718 0.695683 0.855143 0.958668 0.999486 0.974928 0.886599 0.740278 0.545535 0.315108 0.0640702 -0.191159 -0.433884 -0.648229 -0.820172 -0.938468 -0.995379 -0.987182 -0.914413 -0.781831 -0.59811 -0.375267 -0.127877 0.127877 0.375267 0.598111 0.781832 0.914413 0.987182 0.995379 0.938468 0.820172 0.648228 0.433883 0.191158 -0.0640705 -0.315108 -0.545535
-0.315108 -0.545535 -0.740278 -0.886599 -0.974928 -0.999486 -0.958668 -0.855143 -0.695682 -0.490717 -0.253654 0 0.253655 0.490718 0.695683 0.855143 0.958668 0.999486 0.974928 0.886599 0.740278 0.545535 0.315108 0.0640702 -0.191159 -0.433884 -0.648229 -0.820172 -0.938468 -0.995379 -0.987182 -0.914413 -0.781831 -0.59811 -0.375267 -0.127877 0.127877 0.375267 0.598111 0.781832 0.914413 0.987182 0.995379 0.938468 0.820172 0.648228 0.433883 0.191158 -0.0640705 -0.315108
-0.0640705 -0.315108 -0.545535 -0.740278 -0.886599 -0.974928 -0.999486 -0.958668 -0.855143 -0.695682 -0.490717 -0.253654 0 0.253655 0.490718 0.695683 0.855143 0.958668 0.999486 0.974928 0.886599 0.740278 0.545535 0.315108 0.0640702 -0.191159 -0.433884 -0.648229 -0.820172 -0.938468 -0.995379 -0.987182 -0.914413 -0.781831 -0.59811 -0.375267 -0.127877 0.127877 0.375267 0.598111 0.781832 0.914413 0.987182 0.995379 0.938468 0.820172 0.648228 0.433883 0.191158 -0.0640705
0.191158 -0.0640705 -0.315108 -0.545535 -0.740278 -0.886599 -0.974928 -0.999486 -0.958668 -0.855143 -0.695682 -0.490717 -0.253654 0 0.253655 0.490718 0.695683 0.855143 0.958668 0.999486 0.974928 0.886599 0.740278 0.545535 0.315108 0.0640702 -0.191159 -0.433884 -0.648229 -0.820172 -0.938468 -0.995379 -0.987182 -0.914413 -0.781831 -0.59811 -0.375267 -0.127877 0.127877 0.375267 0.598111 0.781832 0.914413 0.987182 0.995379 0.938468 0.820172 0.648228 0.433883 0.191158
0.433883 0.191158 -0.0640705 -0.315108 -0.545535 -0.740278 -0.886599 -0.974928 -0.999486 -0.958668 -0.855143 -0.695682 -0.490717 -0.253654 0 0.253655 0.490718 0.695683 0.855143 0.958668 0.999486 0.974928 0.886599 0.740278 0.545535 0.315108 0.0640702 -0.191159 -0.433884 -0.648229 -0.820172 -0.938468 -0.995379 -0.987182 -0.914413 -0.781831 -0.59811 -0.375267 -0.127877 0.127877 0.375267 0.598111 0.781832 0.914413 0.987182 0.995379 0.938468 0.820172 0.648228 0.433883
0.648228 0.433883 0.191158 -0.0640705 -0.315108 -0.545535 -0.740278 -0.886599 -0.974928 -0.999486 -0.958668 -0.855143 -0.695682 -0.490717 -0.253654 0 0.253655 0.490718 0.695683 0.855143 0.958668 0.999486 0.974928 0.886599 0.740278 0.545535 0.315108 0.0640702 -0.191159 -0.433884 -0.648229 -0.820172 -0.938468 -0.995379 -0.987182 -0.914413 -0.781831 -0.59811 -0.375267 -0.127877 0.127877 0.375267 0.598111 0.781832 0.914413 0.987182 0.995379 0.938468 0.820172 0.648228
0.820172 0.648228 0.433883 0.191158 -0.0640705 -0.315108 -0.545535 -0.740278 -0.886599 -0.974928 -0.999486 -0.958668 -0.855143 -0.695682 -0.490717 -0.253654 0 0.253655 0.490718 0.695683 0.855143 0.958668 0.999486 0.974928 0.886599 0.740278 0.545535 0.315108 0.0640702 -0.191159 -0.433884 -0.648229 -0.820172 -0.938468 -0.995379 -0.987182 -0.914413 -0.781831 -0.59811 -0.375267 -0.127877 0.127877 0.375267 0.598111 0.781832 0.914413 0.987182 0.995379 0.938468 0.820172
0.938468 0.820172 0.648228 0.433883 0.191158 -0.0640705 -0.315108 -0.545535 -0.740278 -0.886599 -0.974928 -0.999486 -0.958668 -0.855143 -0.695682 -0.490717 -0.253654 0 0.253655 0.490718 0.695683 0.855143 0.958668 0.999486 0.974928 0.886599 0.740278 0.545535 0.315108 0.0640702 -0.191159 -0.433884 -0.648229 -0.820172 -0.938468 -0.995379 -0.987182 -0.914413 -0.781831 -0.59811 -0.375267 -0.127877 0.127877 0.375267 0.598111 0.781832 0.914413 0.987182 0.995379 0.938468
0.995379 0.938468 0.820172 0.648228 0.433883 0.191158 -0.0640705 -0.315108 -0.545535 -0.740278 -0.886599 -0.974928 -0.999486 -0.958668 -0.855143 -0.695682 -0.490717 -0.253654 0 0.253655 0.490718 0.695683 0.855143 0.958668 0.999486 0.974928 0.886599 0.740278 0.545535 0.315108 0.0640702 -0.191159 -0.433884 -0.648229 -0.820172 -0.938468 -0.995379 -0.987182 -0.914413 -0.781831 -0.59811 -0.375267 -0.127877 0.127877 0.375267 0.598111 0.781832 0.914413 0.987182 0.995379
0.987182 0.995379 0.938468 0.820172 0.648228 0.433883 0.191158 -0.0640705 -0.315108 -0.545535 -0.740278 -0.886599 -0.974928 -0.999486 -0.958668 -0.855143 -0.695682 -0.490717 -0.253654 0 0.253655 0.490718 0.695683 0.855143 0.958668 0.999486 0.974928 0.886599 0.740278 0.545535 0.315108 0.0640702 -0.191159 -0.433884 -0.648229 -0.820172 -0.938468 -0.995379 -0.987182 -0.914413 -0.781831 -0.59811 -0.375267 -0.127877 0.127877 0.375267 0.598111 0.781832 0.914413 0.987182
0.914413 0.987182 0.995379 0.938468 0.820172 0.648228 0.433883 0.191158 -0.0640705 -0.315108 -0.545535 -0.740278 -0.886599 -0.974928 -0.999486 -0.958668 -0.855143 -0.695682 -0.490717 -0.253654 0 0.253655 0.490718 0.695683 0.855143 0.958668 0.999486 0.974928 0.886599 0.740278 0.545535 0.315108 0.0640702 -0.191159 -0.433884 -0.648229 -0.820172 -0.938468 -0.995379 -0.987182 -0.914413 -0.781831 -0.59811 -0.375267 -0.127877 0.127877 0.375267 0.598111 0.781832 0.914413
0.781832 0.914413 0.987182 0.995379 0.938468 0.820172 0.648228 0.433883 0.191158 -0.0640705 -0.315108 -0.545535 -0.740278 -0.886599 -0.974928 -0.999486 -0.958668 -0.855143 -0.695682 -0.490717 -0.253654 0 0.253655 0.490718 0.695683 0.855143 0.958668 0.999486 0.974928 0.886599 0.740278 0.545535 0.315108 0.0640702 -0.191159 -0.433884 -0.648229 -0.820172 -0.938468 -0.995379 -0.987182 -0.914413 -0.781831 -0.59811 -0.375267 -0.127877 0.127877 0.375267 0.598111 0.781832
0.598111 0.781832 0.914413 0.987182 0.995379 0.938468 0.820172 0.648228 0.433883 0.191158 -0.0640705 -0.315108 -0.545535 -0.740278 -0.886599 -0.974928 -0.999486 -0.958668 -0.855143 -0.695682 -0.490717 -0.253654 0 0.253655 0.490718 0.695683 0.855143 0.958668 0.999486 0.974928 0.886599 0.740278 0.545535 0.315108 0.0640702 -0.191159 -0.433884 -0.648229 -0.820172 -0.938468 -0.995379 -0.987182 -0.914413 -0.781831 -0.59811 -0.375267 -0.127877 0.127877 0.375267 0.598111
0.375267 0.598111 0.781832 0.914413 0.987182 0.995379 0.938468 0.820172 0.648228 0.433883 0.191158 -0.0640705 -0.315108 -0.545535 -0.740278 -0.886599 -0.974928 -0.999486 -0.958668 -0.855143 -0.695682 -0.490717 -0.253654 0 0.253655 0.490718 0.695683 0.855143 0.958668 0.999486 0.974928 0.886599 0.740278 0.545535 0.315108 0.0640702 -0.191159 -0.433884 -0.648229 -0.820172 -0.938468 -0.995379 -0.987182 -0.914413 -0.781831 -0.59811 -0.375267 -0.127877 0.127877 0.375267
0.127877 0.375267 0.598111 0.781832 0.914413 0.987182 0.995379 0.938468 0.820172 0.648228 0.433883 0.191158 -0.0640705 -0.315108 -0.545535 -0.740278 -0.886599 -0.974928 -0.999486 -0.958668 -0.855143 -0.695682 -0.490717 -0.253654 0 0.253655 0.490718 0.695683 0.855143 0.958668 0.999486 0.974928 0.886599 0.740278 0.545535 0.315108 0.0640702 -0.191159 -0.433884 -0.648229 -0.820172 -0.938468 -0.995379 -0.987182 -0.914413 -0.781831 -0.59811 -0.375267 -0.127877 0.127877
-0.127877 0.127877 0.375267 0.598111 0.781832 0.914413 0.987182 0.995379 0.938468 0.820172 0.648228 0.433883 0.191158 -0.0640705 -0.315108 -0.545535 -0.740278 -0.886599 -0.974928 -0.999486 -0.958668 -0.855143 -0.695682 -0.490717 -0.253654 0 0.253655 0.490718 0.695683 0.855143 0.958668 0.999486 0.974928 0.886599 0.740278 0.545535 0.315108 0.0640702 -0.191159 -0.433884 -0.648229 -0.820172 -0.938468 -0.995379 -0.987182 -0.914413 -0.781831 -0.59811 -0.375267 -0.127877
-0.375267 -0.127877 0.127877 0.375267 0.598111 0.781832 0.914413 0.987182 0.995379 0.938468 0.820172 0.648228 0.433883 0.191158 -0.0640705 -0.315108 -0.545535 -0.740278 -0.886599 -0.974928 -0.999486 -0.958668 -0.855143 -0.695682 -0.490717 -0.253654 0 0.253655 0.490718 0.695683 0.855143 0.958668 0.999486 0.974928 0.886599 0.740278 0.545535 0.315108 0.0640702 -0.191159 -0.433884 -0.648229 -0.820172 -0.938468 -0.995379 -0.987182 -0.914413 -0.781831 -0.59811 -0.375267
-0.59811 -0.375267 -0.127877 0.127877 0.375267 0.598111 0.781832 0.914413 0.987182 0.995379 0.938468 0.820172 0.648228 0.433883 0.191158 -0.0640705 -0.315108 -0.545535 -0.740278 -0.886599 -0.974928 -0.999486 -0.958668 -0.855143 -0.695682 -0.490717 -0.253654 0 0.253655 0.490718 0.695683 0.855143 0.958668 0.999486 0.974928 0.886599 0.740278 0.545535 0.315108 0.0640702 -0.191159 -0.433884 -0.648229 -0.820172 -0.938468 -0.995379 -0.987182 -0.914413 -0.781831 -0.59811
-0.781831 -0.59811 -0.375267 -0.127877 0.127877 0.375267 0.598111 0.781832 0.914413 0.987182 0.995379 0.938468 0.820172 0.648228 0.433883 0.191158 -0.0640705 -0.315108 -0.545535 -0.740278 -0.886599 -0.974928 -0.999486 -0.958668 -0.855143 -0.695682 -0.490717 -0.253654 0 0.253655 0.490718 0.695683 0.855143 0.958668 0.999486 0.974928 0.886599 0.740278 0.545535 0.315108 0.0640702 -0.191159 -0.433884 -0.648229 -0.820172 -0.938468 -0.995379 -0.987182 -0.914413 -0.781831
-0.914413 -0.781831 -0.59811 -0.375267 -0.127877 0.127877 0.375267 0.598111 0.781832 0.914413 0.987182 0.995379 0.938468 0.820172 0.648228 0.433883 0.191158 -0.0640705 -0.315108 -0.545535 -0.740278 -0.886599 -0.974928 -0.999486 -0.958668 -0.855143 -0.695682 -0.490717 -0.253654 0 0.253655 0.490718 0.695683 0.855143 0.958668 0.999486 0.974928 0.886599 0.740278 0.545535 0.315108 0.0640702 -0.191159 -0.433884 -0.648229 -0.820172 -0.938468 -0.995379 -0.987182 -0.914413
-0.987182 -0.914413 -0.781831 -0.59811 -0.375267 -0.127877 0.127877 0.375267 0.598111 0.781832 0.914413 0.987182 0.995379 0.938468 0.820172 0.648228 0.433883 0.191158 -0.0640705 -0.315108 -0.545535 -0.740278 -0.886599 -0.974928 -0.999486 -0.958668 -0.855143 -0.695682 -0.490717 -0.253654 0 0.253655 0.490718 0.695683 0.855143 0.958668 0.999486 0.974928 0.886599 0.740278 0.545535 0.315108 0.0640702 -0.191159 -0.433884 -0.648229 -0.820172 -0.938468 -0.995379 -0.987182
-0.995379 -0.987182 -0.914413 -0.781831 -0.59811 -0.375267 -0.127877 0.127877 0.375267 0.598111 0.781832 0.914413 0.987182 0.995379 0.938468 0.820172 0.648228 0.433883 0.191158 -0.0640705 -0.315108 -0.545535 -0.740278 -0.886599 -0.974928 -0.999486 -0.958668 -0.855143 -0.695682 -0.490717 -0.253654 0 0.253655 0.490718 0.695683 0.855143 0.958668 0.999486 0.974928 0.886599 0.740278 0.545535 0.315108 0.0640702 -0.191159 -0.433884 -0.648229 -0.820172 -0.938468 -0.995379
-0.938468 -0.995379 -0.987182 -0.914413 -0.781831 -0.59811 -0.375267 -0.127877 0.127877 0.375267 0.598111 0.781832 0.914413 0.987182 0.995379 0.938468 0.820172 0.648228 0.433883 0.191158 -0.0640705 -0.315108 -0.545535 -0.740278 -0.886599 -0.974928 -0.999486 -0.958668 -0.855143 -0.695682 -0.490717 -0.253654 0 0.253655 0.490718 0.695683 0.855143 0.958668 0.999486 0.974928 0.886599 0.740278 0.545535 0.315108 0.0640702 -0.191159 -0.433884 -0.648229 -0.820172 -0.938468
-0.820172 -0.938468 -0.995379 -0.987182 -0.914413 -0.781831 -0.59811 -0.375267 -0.127877 0.127877 0.375267 0.598111 0.781832 0.914413 0.987182 0.995379 0.938468 0.820172 0.648228 0.433883 0.191158 -0.0640705 -0.315108 -0.545535 -0.740278 -0.886599 -0.974928 -0.999486 -0.958668 -0.855143 -0.695682 -0.490717 -0.253654 0 0.253655 0.490718 0.695683 0.855143 0.958668 0.999486 0.974928 0.886599 0.740278 0.545535 0.315108 0.0640702 -0.191159 -0.433884 -0.648229 -0.820172
-0.648229 -0.820172 -0.938468 -0.995379 -0.987182 -0.914413 -0.781831 -0.59811 -0.375267 -0.127877 0.127877 0.375267 0.598111 0.781832 0.914413 0.987182 0.995379 0.938468 0.820172 0.648228 0.433883 0.191158 -0.0640705 -0.315108 -0.545535 -0.740278 -0.886599 -0.974928 -0.999486 -0.958668 -0.855143 -0.695682 -0.490717 -0.253654 0 0.253655 0.490718 0.695683 0.855143 0.958668 0.999486 0.974928 0.886599 0.740278 0.545535 0.315108 0.0640702 -0.191159 -0.433884 -0.648229
-0.433884 -0.648229 -0.820172 -0.938468 -0.995379 -0.987182 -0.914413 -0.781831 -0.59811 -0.375267 -0.127877 0.127877 0.375267 0.598111 0.781832 0.914413 0.987182 0.995379 0.938468 0.820172 0.648228 0.433883 0.191158 -0.0640705 -0.315108 -0.545535 -0.740278 -0.886599 -0.974928 -0.999486 -0.958668 -0.855143 -0.695682 -0.490717 -0.253654 0 0.253655 0.490718 0.695683 0.855143 0.958668 0.999486 0.974928 0.886599 0.740278 0.545535 0.315108 0.0640702 -0.191159 -0.433884
-0.191159 -0.433884 -0.648229 -0.820172 -0.938468 -0.995379 -0.987182 -0.914413 -0.781831 -0.59811 -0.375267 -0.127877 0.127877 0.375267 0.598111 0.781832 0.914413 0.987182 0.995379 0.938468 0.820172 0.648228 0.433883 0.191158 -0.0640705 -0.315108 -0.545535 -0.740278 -0.886599 -0.974928 -0.999486 -0.958668 -0.855143 -0.695682 -0.490717 -0.253654 0 0.253655 0.490718 0.695683 0.855143 0.958668 0.999486 0.974928 0.886599 0.740278 0.545535 0.315108 0.0640702 -0.191159
0.0640702 -0.191159 -0.433884 -0.648229 -0.820172 -0.938468 -0.995379 -0.987182 -0.914413 -0.781831 -0.59811 -0.375267 -0.127877 0.127877 0.375267 0.598111 0.781832 0.914413 0.987182 0.995379 0.938468 0.820172 0.648228 0.433883 0.191158 -0.0640705 -0.315108 -0.545535 -0.740278 -0.886599 -0.974928 -0.999486 -0.958668 -0.855143 -0.695682 -0.490717 -0.253654 0 0.253655 0.490718 0.695683 0.855143 0.958668 0.999486 0.974928 0.886599 0.740278 0.545535 0.315108 0.0640702
0.315108 0.0640702 -0.191159 -0.433884 -0.648229 -0.820172 -0.938468 -0.995379 -0.987182 -0.914413 -0.781831 -0.59811 -0.375267 -0.127877 0.127877 0.375267 0.598111 0.781832 0.914413 0.987182 0.995379 0.938468 0.820172 0.648228 0.433883 0.191158 -0.0640705 -0.315108 -0.545535 -0.740278 -0.886599 -0.974928 -0.999486 -0.958668 -0.855143 -0.695682 -0.490717 -0.253654 0 0.253655 0.490718 0.695683 0.855143 0.958668 0.999486 0.974928 0.886599 0.740278 0.545535 0.315108
0.545535 0.315108 0.0640702 -0.191159 -0.433884 -0.648229 -0.820172 -0.938468 -0.995379 -0.987182 -0.914413 -0.781831 -0.59811 -0.375267 -0.127877 0.127877 0.375267 0.598111 0.781832 0.914413 0.987182 0.995379 0.938468 0.820172 0.648228 0.433883 0.191158 -0.0640705 -0.315108 -0.545535 -0.740278 -0.886599 -0.974928 -0.999486 -0.958668 -0.855143 -0.695682 -0.490717 -0.253654 0 0.253655 0.490718 0.695683 0.855143 0.958668 0.999486 0.974928 0.886599 0.740278 0.545535
0.740278 0.545535 0.315108 0.0640702 -0.191159 -0.433884 -0.648229 -0.820172 -0.938468 -0.995379 -0.987182 -0.914413 -0.781831 -0.59811 -0.375267 -0.127877 0.127877 0.375267 0.598111 0.781832 0.914413 0.987182 0.995379 0.938468 0.820172 0.648228 0.433883 0.191158 -0.0640705 -0.315108 -0.545535 -0.740278 -0.886599 -0.974928 -0.999486 -0.958668 -0.855143 -0.695682 -0.490717 -0.253654 0 0.253655 0.490718 0.695683 0.855143 0.958668 0.999486 0.974928 0.886599 0.740278
0.886599 0.740278 0.545535 0.315108 0.0640702 -0.191159 -0.433884 -0.648229 -0.820172 -0.938468 -0.995379 -0.987182 -0.914413 -0.781831 -0.59811 -0.375267 -0.127877 0.127877 0.375267 0.598111 0.781832 0.914413 0.987182 0.995379 0.938468 0.820172 0.648228 0.433883 0.191158 -0.0640705 -0.315108 -0.545535 -0.740278 -0.886599 -0.974928 -0.999486 -0.958668 -0.855143 -0.695682 -0.490717 -0.253654 0 0.253655 0.490718 0.695683 0.855143 0.958668 0.999486 0.974928 0.886599
0.974928 0.886599 0.740278 0.545535 0.315108 0.0640702 -0.191159 -0.433884 -0.648229 -0.820172 -0.938468 -0.995379 -0.987182 -0.914413 -0.781831 -0.59811 -0.375267 -0.127877 0.127877 0.375267 0.598111 0.781832 0.914413 0.987182 0.995379 0.938468 0.820172 0.648228 0.433883 0.191158 -0.0640705 -0.315108 -0.545535 -0.740278 -0.886599 -0.974928 -0.999486 -0.958668 -0.855143 -0.695682 -0.490717 -0.253654 0 0.253655 0.490718 0.695683 0.855143 0.958668 0.999486 0.974928
0.999486 0.974928 0.886599 0.740278 0.545535 0.315108 0.0640702 -0.191159 -0.433884 -0.648229 -0.820172 -0.938468 -0.995379 -0.987182 -0.914413 -0.781831 -0.59811 -0.375267 -0.127877 0.127877 0.375267 0.598111 0.781832 0.914413 0.987182 0.995379 0.938468 0.820172 0.648228 0.433883 0.191158 -0.0640705 -0.315108 -0.545535 -0.740278 -0.886599 -0.974928 -0.999486 -0.958668 -0.855143 -0.695682 -0.490717 -0.253654 0 0.253655 0.490718 0.695683 0.855143 0.958668 0.999486
0.958668 0.999486 0.974928 0.886599 0.740278 0.545535 0.315108 0.0640702 -0.191159 -0.433884 -0.648229 -0.820172 -0.938468 -0.995379 -0.987182 -0.914413 -0.781831 -0.59811 -0.375267 -0.127877 0.127877 0.375267 0.598111 0.781832 0.914413 0.987182 0.995379 0.938468 0.820172 0.648228 0.433883 0.191158 -0.0640705 -0.315108 -0.545535 -0.740278 -0.886599 -0.974928 -0.999486 -0.958668 -0.855143 -0.695682 -0.490717 -0.253654 0 0.253655 0.490718 0.695683 0.855143 0.958668
0.855143 0.958668 0.999486 0.974928 0.886599 0.740278 0.545535 0.315108 0.0640702 -0.191159 -0.433884 -0.648229 -0.820172 -0.938468 -0.995379 -0.987182 -0.914413 -0.781831 -0.59811 -0.375267 -0.127877 0.127877 0.375267 0.598111 0.781832 0.914413 0.987182 0.995379 0.938468 0.820172 0.648228 0.433883 0.191158 -0.0640705 -0.315108 -0.545535 -0.740278 -0.886599 -0.974928 -0.999486 -0.958668 -0.855143 -0.695682 -0.490717 -0.253654 0 0.253655 0.490718 0.695683 0.855143
0.695683 0.855143 0.958668 0.999486 0.974928 0.886599 0.740278 0.545535 0.315108 0.0640702 -0.191159 -0.433884 -0.648229 -0.820172 -0.938468 -0.995379 -0.987182 -0.914413 -0.781831 -0.59811 -0.375267 -0.127877 0.127877 0.375267 0.598111 0.781832 0.914413 0.987182 0.995379 0.938468 0.820172 0.648228 0.433883 0.191158 -0.0640705 -0.315108 -0.545535 -0.740278 -0.886599 -0.974928 -0.999486 -0.958668 -0.855143 -0.695682 -0.490717 -0.253654 0 0.253655 0.490718 0.695683
0.490718 0.695683 0.855143 0.958668 0.999486 0.974928 0.886599 0.740278 0.545535 0.315108 0.0640702 -0.191159 -0.433884 -0.648229 -0.820172 -0.938468 -0.995379 -0.987182 -0.914413 -0.781831 -0.59811 -0.375267 -0.127877 0.127877 0.375267 0.598111 0.781832 0.914413 0.987182 0.995379 0.938468 0.820172 0.648228 0.433883 0.191158 -0.0640705 -0.315108 -0.545535 -0.740278 -0.886599 -0.974928 -0.999486 -0.958668 -0.855143 -0.695682 -0.490717 -0.253654 0 0.253655 0.490718
0.253655 0.490718 0.695683 0.855143 0.958668 0.999486 0.974928 0.886599 0.740278 0.545535 0.315108 0.0640702 -0.191159 -0.433884 -0.648229 -0.820172 -0.938468 -0.995379 -0.987182 -0.914413 -0.781831 -0.59811 -0.375267 -0.127877 0.127877 0.375267 0.598111 0.781832 0.914413 0.987182 0.995379 0.938468 0.820172 0.648228 0.433883 0.191158 -0.0640705 -0.315108 -0.545535 -0.740278 -0.886599 -0.974928 -0.999486 -0.958668 -0.855143 -0.695682 -0.490717 -0.253654 0 0.253655
0 0.253655 0.490718 0.695683 0.855143 0.958668 0.999486 0.974928 0.886599 0.740278 0.545535 0.315108 0.0640702 -0.191159 -0.433884 -0.648229 -0.820172 -0.938468 -0.995379 -0.987182 -0.914413 -0.781831 -0.59811 -0.375267 -0.127877 0.127877 0.375267 0.598111 0.781832 0.914413 0.987182 0.995379 0.938468 0.820172 0.648228 0.433883 0.191158 -0.0640705 -0.315108 -0.545535 -0.740278 -0.886599 -0.974928 -0.999486 -0.958668 -0.855143 -0.695682 -0.490717 -0.253654 0
-0.253654 0 0.253655 0.490718 0.695683 0.855143 0.958668 0.999486 0.974928 0.886599 0.740278 0.545535 0.315108 0.0640702 -0.191159 -0.433884 -0.648229 -0.820172 -0.938468 -0.995379 -0.987182 -0.914413 -0.781831 -0.59811 -0.375267 -0.127877 0.127877 0.375267 0.598111 0.781832 0.914413 0.987182 0.995379 0.938468 0.820172 0.648228 0.433883 0.191158 -0.0640705 -0.315108 -0.545535 -0.740278 -0.886599 -0.974928 -0.999486 -0.958668 -0.855143 -0.695682 -0.490717 -0.253654
