StepX 0.408163 Xmax 20 StepT 0.204082
0 0.972991 0.873396 0.703734 0.508961 0.33038 0.192472 0.100626 0.0472055 0.0198688 0.00750235 0.00254106 0.000771908 0.000210279 5.13626e-05 1.12477e-05 2.20795e-06 3.8848e-07 6.12563e-08 8.65534e-09 1.09578e-09 1.24286e-10 1.26281e-11 1.1493e-12 9.36846e-14 6.8393e-15 4.47127e-16 2.61754e-17 1.37208e-18 6.43963e-20 2.70593e-21 1.01794e-22 3.42818e-24 1.03353e-25 2.78926e-27 6.73816e-29 1.45702e-30 2.82008e-32 4.88551e-34 7.5754e-36 1.05132e-37 1.30588e-39 1.45175e-41 1.44334e-43 1.4013e-45 0 0 0 0 0
0 0.486495 0.923194 0.788565 0.606348 0.419671 0.261426 0.146549 0.0739155 0.0335371 0.0136856 0.0050217 0.00165648 0.000491094 0.000130821 3.13052e-05 6.72782e-06 1.29821e-06 2.24868e-07 3.49558e-08 4.87556e-09 6.10033e-10 6.84571e-11 6.88869e-12 6.21491e-13 5.02619e-14 3.64321e-15 2.36651e-16 1.37737e-17 7.18238e-19 3.35511e-20 1.40386e-21 5.26109e-23 1.76577e-24 5.30713e-26 1.42832e-27 3.44193e-29 7.42612e-31 1.43447e-32 2.48063e-34 3.84026e-36 5.32189e-38 6.60197e-40 7.33159e-42 7.28675e-44 0 0 0 0 0
0 0.243248 0.704844 0.855879 0.697456 0.513009 0.340549 0.203988 0.110232 0.0537263 0.0236114 0.00935365 0.00333909 0.00107379 0.000310957 8.1063e-05 1.90165e-05 4.01302e-06 7.6154e-07 1.29912e-07 1.99157e-08 2.7428e-09 3.39245e-10 3.76729e-11 3.75509e-12 3.35876e-13 2.69526e-14 1.93993e-15 1.25212e-16 7.24599e-18 3.75895e-19 1.74775e-20 7.28235e-22 2.71884e-23 9.0942e-25 2.72498e-26 7.31369e-28 1.75809e-29 3.78478e-31 7.29636e-33 1.25952e-34 1.94674e-36 2.69395e-38 3.33764e-40 3.70223e-42 3.64338e-44 0 0 0 0
0 0.121624 0.474046 0.780362 0.776668 0.605233 0.426779 0.272268 0.15711 0.0819793 0.0386688 0.0164825 0.00634637 0.00220644 0.000692372 0.00019601 5.00398e-05 1.15148e-05 2.38728e-06 4.45726e-07 7.49138e-08 1.13292e-08 1.54102e-09 1.88459e-10 2.0714e-11 2.04548e-12 1.81414e-13 1.44463e-14 1.03257e-15 6.62292e-17 3.81094e-18 1.96686e-19 9.10286e-21 3.77712e-22 1.40489e-23 4.68335e-25 1.39906e-26 3.74475e-28 8.97971e-30 1.92887e-31 3.71115e-33 6.39493e-35 9.86841e-37 1.36366e-38 1.68733e-40 1.86933e-42 1.82169e-44 0 0 0
0 0.0608119 0.297835 0.627204 0.778515 0.69095 0.516006 0.349523 0.214689 0.119545 0.0603241 0.0275757 0.0114144 0.00427641 0.00144941 0.000444191 0.000123025 3.07773e-05 6.95102e-06 1.4165e-06 2.6032e-07 4.31215e-08 6.43513e-09 8.6474e-10 1.04587e-10 1.13797e-11 1.11345e-12 9.79303e-14 7.73941e-15 5.49401e-16 3.50201e-17 2.00381e-18 1.02894e-19 4.74029e-21 1.9588e-22 7.25861e-24 2.41163e-25 7.18254e-27 1.91727e-28 4.5863e-30 9.82992e-32 1.88755e-33 3.24681e-35 5.00239e-37 6.90269e-39 8.53012e-41 9.43074e-43 8.40779e-45 0 0
0 0.030406 0.179323 0.46252 0.70286 0.734733 0.603478 0.432765 0.282106 0.167117 0.0899343 0.0439499 0.0194951 0.00784542 0.00286291 0.000946799 0.000283608 7.69011e-05 1.88641e-05 4.18376e-06 8.38411e-07 1.51721e-07 2.47783e-08 3.64994e-09 4.84663e-10 5.79831e-11 6.24659e-12 6.05689e-13 5.28349e-14 4.14441e-15 2.9221e-16 1.85119e-17 1.05335e-18 5.38174e-20 2.46808e-21 1.01569e-22 3.74989e-24 1.24173e-25 3.68713e-27 9.81568e-29 2.3423e-30 5.00934e-32 9.6001e-34 1.64841e-35 2.53571e-37 3.49399e-39 4.31208e-41 4.7504e-43 4.2039e-45 0
2.8026e-45 0.015203 0.104865 0.320921 0.58269 0.718796 0.669105 0.518121 0.357435 0.224612 0.128526 0.0669421 0.0317225 0.0136702 0.00535416 0.00190485 0.000615204 0.000180255 4.78826e-05 1.15239e-05 2.51109e-06 4.95066e-07 8.82495e-08 1.42141e-08 2.0673e-09 2.71323e-10 3.21149e-11 3.42614e-12 3.29262e-13 2.84896e-14 2.21831e-15 1.55361e-16 9.78264e-18 5.53586e-19 2.81427e-20 1.28483e-21 5.26597e-23 1.93703e-24 6.39299e-26 1.89264e-27 5.02496e-29 1.1962e-30 2.55267e-32 4.88247e-34 8.36886e-36 1.28532e-37 1.76856e-39 2.17986e-41 2.41023e-43 2.8026e-45
1.21913e-43 0.00760149 0.0600338 0.212893 0.451806 0.650743 0.693951 0.593613 0.437778 0.291023 0.176569 0.0977338 0.0493323 0.0226964 0.0095122 0.00362951 0.00126003 0.000397729 0.000114069 2.97033e-05 7.01752e-06 1.50308e-06 2.91658e-07 5.12318e-08 8.14071e-09 1.16931e-09 1.51719e-10 1.77705e-11 1.8777e-12 1.78876e-13 1.5354e-14 1.18683e-15 8.25719e-17 5.16812e-18 2.90864e-19 1.47138e-20 6.68743e-22 2.72984e-23 1.00048e-24 3.29113e-26 9.71447e-28 2.57229e-29 6.10862e-31 1.30075e-32 2.48308e-34 4.2487e-36 6.51504e-38 8.95177e-40 1.10198e-41 1.21913e-43
5.57156e-42 0.00380074 0.0338177 0.136463 0.332349 0.551274 0.672347 0.643782 0.515696 0.364401 0.233796 0.137151 0.0735331 0.0360143 0.0161043 0.00657086 0.00244477 0.000828878 0.000255899 7.18859e-05 1.83604e-05 4.2603e-06 8.97367e-07 1.71445e-07 2.96863e-08 4.65501e-09 6.60515e-10 8.47448e-11 9.8241e-12 1.02829e-12 9.71149e-14 8.27041e-15 6.34703e-16 4.387e-17 2.72949e-18 1.52789e-19 7.69126e-21 3.48021e-22 1.41494e-23 5.16696e-25 1.69414e-26 4.98585e-28 1.31669e-29 3.11935e-31 6.62789e-33 1.26278e-34 2.15692e-36 3.30228e-38 4.53099e-40 5.57156e-42
2.29335e-40 0.00190037 0.0188092 0.0851406 0.234406 0.441812 0.611811 0.658064 0.579739 0.440048 0.299098 0.185474 0.105342 0.0547737 0.0260593 0.0113376 0.00450781 0.00163682 0.000542389 0.000163892 4.51232e-05 1.13103e-05 2.57883e-06 5.34406e-07 1.00566e-07 1.71706e-08 2.65776e-09 3.7263e-10 4.72844e-11 5.4262e-12 5.62702e-13 5.26927e-14 4.45255e-15 3.39287e-16 2.32997e-17 1.44114e-18 8.02402e-20 4.01964e-21 1.81085e-22 7.33306e-24 2.66818e-25 8.71997e-27 2.55876e-28 6.7394e-30 1.59281e-31 3.37708e-33 6.42176e-35 1.09497e-36 1.6738e-38 2.29335e-40
8.48365e-39 0.000950186 0.0103548 0.0519749 0.159773 0.338109 0.526811 0.634938 0.618902 0.509894 0.369573 0.242286 0.145408 0.0800579 0.0404165 0.0186984 0.00792269 0.00307232 0.00108961 0.000353141 0.000104508 2.82168e-05 6.94459e-06 1.55662e-06 3.17486e-07 5.88681e-08 9.9142e-09 1.5152e-09 2.09957e-10 2.63553e-11 2.99445e-12 3.07697e-13 2.85726e-14 2.39592e-15 1.81293e-16 1.23704e-17 7.6069e-19 4.21299e-20 2.10036e-21 9.42091e-23 3.79994e-24 1.37769e-25 4.48792e-27 1.31308e-28 3.44934e-30 8.13292e-32 1.72065e-33 3.26563e-35 5.55855e-37 8.48365e-39
2.8217e-37 0.000475093 0.00565249 0.0311648 0.105874 0.248941 0.43246 0.580874 0.62692 0.564398 0.439734 0.30593 0.193847 0.112733 0.0602372 0.0295575 0.0133106 0.0054975 0.00208096 0.000721373 0.000228824 6.63623e-05 1.75807e-05 4.2506e-06 9.37052e-07 1.88177e-07 3.43911e-08 5.7147e-09 8.62577e-10 1.18156e-10 1.46749e-11 1.65107e-12 1.68135e-13 1.54843e-14 1.28861e-15 9.68318e-17 6.56557e-18 4.0141e-19 2.21151e-20 1.09729e-21 4.90045e-23 1.96885e-24 7.11286e-26 2.30961e-27 6.73785e-29 1.76534e-30 4.15249e-32 8.76654e-34 1.66061e-35 2.8217e-37
8.44412e-36 0.000237547 0.00306379 0.0184087 0.0685195 0.177408 0.340701 0.506667 0.603897 0.595659 0.502066 0.372832 0.249888 0.15329 0.086485 0.0448973 0.021434 0.00940403 0.00378923 0.00140117 0.000475099 0.000147593 4.19715e-05 1.09156e-05 2.59383e-06 5.62615e-07 1.11284e-07 2.00529e-08 3.28864e-09 4.90367e-10 6.64156e-11 8.16298e-12 9.09604e-13 9.18096e-14 8.38644e-15 6.92719e-16 5.16987e-17 3.48349e-18 2.11763e-19 1.16062e-20 5.73145e-22 2.54867e-23 1.01999e-24 3.67191e-26 1.1885e-27 3.45719e-29 9.0343e-31 2.12008e-32 4.4663e-34 8.44412e-36
2.27537e-34 0.000118773 0.00165067 0.0107362 0.0434641 0.122964 0.259054 0.423684 0.555282 0.599778 0.548862 0.437449 0.31136 0.201589 0.119887 0.0656912 0.0331657 0.015419 0.00659663 0.0025952 0.000938133 0.000311346 9.47823e-05 2.64436e-05 6.75473e-06 1.57822e-06 3.36949e-07 6.56685e-08 1.16708e-08 1.8895e-09 2.78391e-10 3.72893e-11 4.53629e-12 5.00707e-13 5.0098e-14 4.53958e-15 3.72209e-16 2.75911e-17 1.84763e-18 1.11684e-19 6.08968e-21 2.99316e-22 1.32533e-23 5.28355e-25 1.89538e-26 6.11534e-28 1.77377e-29 4.62316e-31 1.08237e-32 2.27537e-34
5.52562e-33 5.93866e-05 0.000884721 0.00619345 0.0271002 0.0832139 0.191009 0.341369 0.489483 0.57753 0.57432 0.493155 0.374404 0.256475 0.160738 0.0927893 0.0494284 0.0242923 0.0110078 0.00459592 0.00176667 0.00062474 0.000203064 6.06129e-05 1.65991e-05 4.16648e-06 9.57585e-07 2.01309e-07 3.86696e-08 6.78014e-09 1.08395e-09 1.5784e-10 2.09128e-11 2.5185e-12 2.75402e-13 2.73188e-14 2.45589e-15 1.999e-16 1.47194e-17 9.79655e-19 5.8887e-20 3.1945e-21 1.56285e-22 6.89085e-24 2.73654e-25 9.78266e-27 3.14636e-28 9.09999e-30 2.3657e-31 5.52562e-33
1.21048e-31 2.96933e-05 0.000472054 0.00353908 0.0166468 0.055157 0.137111 0.266189 0.415426 0.533507 0.575925 0.533738 0.43378 0.315439 0.208606 0.126764 0.0711089 0.0368604 0.0176501 0.00780187 0.00318129 0.0011957 0.000413902 0.000131839 3.8606e-05 1.03828e-05 2.56203e-06 5.79447e-07 1.19989e-07 2.27249e-08 3.93204e-09 6.20893e-10 8.93765e-11 1.17156e-11 1.39695e-12 1.51361e-13 1.48873e-14 1.3279e-15 1.0731e-16 7.84951e-18 5.19271e-19 3.10408e-20 1.67539e-21 8.15877e-23 3.58225e-24 1.41719e-25 5.04865e-27 1.61868e-28 4.66828e-30 1.21048e-31
2.39466e-30 1.48467e-05 0.000250874 0.00200557 0.0100929 0.0359019 0.0961342 0.20165 0.340808 0.474466 0.554716 0.554831 0.483759 0.37461 0.262023 0.167685 0.0989363 0.0539846 0.0272552 0.012726 0.00549158 0.0021885 0.000804803 0.00027287 8.52223e-05 2.44944e-05 6.47242e-06 1.57074e-06 3.49718e-07 7.13571e-08 1.33285e-08 2.27647e-09 3.55135e-10 5.05461e-11 6.5563e-12 7.74156e-13 8.3124e-14 8.10762e-15 7.17603e-16 5.75796e-17 4.18439e-18 2.75156e-19 1.63581e-20 8.78489e-22 4.2585e-23 1.86198e-24 7.33836e-26 2.60526e-27 8.32681e-29 2.39466e-30
4.28314e-29 7.42333e-06 0.00013286 0.00112822 0.00604926 0.0229974 0.0660181 0.148892 0.271229 0.407637 0.514591 0.554774 0.519295 0.429184 0.318316 0.214854 0.133311 0.0764605 0.0406199 0.0199906 0.00910878 0.00384004 0.00149665 0.000538836 0.000179046 5.48584e-05 1.54834e-05 4.02158e-06 9.60229e-07 2.10538e-07 4.23428e-08 7.80247e-09 1.3158e-09 2.02841e-10 2.85512e-11 3.66523e-12 4.2864e-13 4.56158e-14 4.41261e-15 3.87591e-16 3.0882e-17 2.22977e-18 1.45757e-19 8.61828e-21 4.60537e-22 2.22235e-23 9.67684e-25 3.79944e-26 1.34426e-27 4.28314e-29
6.93547e-28 3.71166e-06 7.01417e-05 0.000630541 0.00358874 0.0145233 0.0445077 0.107455 0.210061 0.339433 0.461114 0.534682 0.537034 0.47424 0.37375 0.266585 0.174082 0.104886 0.0585402 0.0303053 0.0145497 0.00647441 0.00266834 0.00101774 0.000358941 0.000116952 3.51709e-05 9.7525e-06 2.4909e-06 5.85383e-07 1.2644e-07 2.50726e-08 4.55913e-09 7.59321e-10 1.15696e-10 1.61082e-11 2.04693e-12 2.37128e-13 2.50142e-14 2.4001e-15 2.09237e-16 1.65559e-17 1.18776e-18 7.71876e-20 4.53941e-21 2.4138e-22 1.15956e-23 5.02839e-25 1.96693e-26 6.93547e-28
1.01814e-26 1.85583e-06 3.69267e-05 0.000350341 0.00210964 0.00905604 0.0295155 0.0759814 0.158758 0.274747 0.400273 0.497898 0.535858 0.505637 0.423995 0.320168 0.220334 0.139484 0.0817129 0.0444227 0.0224275 0.0105121 0.00457138 0.00184304 0.000688342 0.000237947 7.60616e-05 2.24617e-05 6.1217e-06 1.53814e-06 3.55912e-07 7.57564e-08 1.48159e-08 2.65923e-09 4.37508e-10 6.5902e-11 9.07757e-12 1.14203e-12 1.31071e-13 1.37072e-14 1.30467e-15 1.12896e-16 8.87182e-18 6.32476e-19 4.08635e-20 2.39039e-21 1.26488e-22 6.04921e-24 2.61254e-25 1.01814e-26
1.35718e-25 9.27916e-07 1.93913e-05 0.000193634 0.00122999 0.00558284 0.0192858 0.0527485 0.11737 0.216752 0.33751 0.449086 0.516878 0.520748 0.464816 0.372081 0.270251 0.179909 0.110598 0.0630678 0.0334251 0.0164698 0.00754171 0.00320721 0.00126569 0.000463144 0.000157004 4.92616e-05 1.42917e-05 3.82992e-06 9.47028e-07 2.15834e-07 4.52861e-08 8.73755e-09 1.54837e-09 2.51705e-10 3.74898e-11 5.1098e-12 6.36551e-13 7.23891e-14 7.50591e-15 7.08783e-16 6.08841e-17 4.75215e-18 3.3667e-19 2.16269e-20 1.25844e-21 6.62686e-23 3.15523e-24 1.35718e-25
1.64548e-24 4.63958e-07 1.01596e-05 0.000106513 0.000711812 0.00340641 0.0124343 0.0360171 0.0850591 0.167061 0.277131 0.393298 0.482982 0.518813 0.492782 0.418449 0.321166 0.22508 0.145254 0.0868331 0.0482465 0.0249474 0.0120057 0.00537446 0.00223645 0.000864419 0.000310074 0.000103133 3.17767e-05 9.06081e-06 2.38848e-06 5.81431e-07 1.3056e-07 2.70118e-08 5.14296e-09 9.00037e-10 1.44598e-10 2.12998e-11 2.87317e-12 3.5447e-13 3.99475e-14 4.10735e-15 3.84833e-16 3.28181e-17 2.54441e-18 1.79148e-19 1.14427e-20 6.62355e-22 3.47119e-23 1.64548e-24
1.81787e-23 2.31979e-07 5.31177e-06 5.83361e-05 0.000409162 0.00205911 0.00792036 0.0242257 0.0605381 0.12606 0.222096 0.335215 0.43814 0.500897 0.505797 0.455615 0.369807 0.273123 0.185167 0.116043 0.0675398 0.036597 0.0184766 0.0086901 0.00380546 0.00155044 0.000587247 0.000206604 6.74548e-05 2.04187e-05 5.72464e-06 1.48495e-06 3.55995e-07 7.8786e-08 1.60774e-08 3.0215e-09 5.22317e-10 8.29487e-11 1.20865e-11 1.61382e-12 1.97209e-13 2.20274e-14 2.24609e-15 2.08826e-16 1.76813e-17 1.36178e-18 9.52955e-20 6.05252e-21 3.48533e-22 1.81787e-23
1.83356e-22 1.1599e-07 2.77188e-06 3.18239e-05 0.000233749 0.00123414 0.00498974 0.016073 0.0423819 0.0932991 0.174078 0.278655 0.386677 0.469519 0.503347 0.480706 0.412711 0.321465 0.229145 0.150605 0.0917916 0.0520684 0.0275368 0.0135833 0.00624778 0.00267795 0.00106884 0.000396925 0.000137029 4.39368e-05 1.30717e-05 3.6048e-06 9.20474e-07 2.17391e-07 4.74317e-08 9.54945e-09 1.77191e-09 3.02633e-10 4.75176e-11 6.85015e-12 9.05515e-13 1.09618e-13 1.21368e-14 1.22746e-15 1.13253e-16 9.52152e-18 7.28537e-19 5.0674e-20 3.20053e-21 1.83356e-22
1.69194e-21 5.79948e-08 1.44393e-06 1.72979e-05 0.000132787 0.000733944 0.00311194 0.0105314 0.0292275 0.0678405 0.133689 0.226367 0.332666 0.428098 0.486433 0.492027 0.446709 0.367088 0.275305 0.189875 0.121198 0.07193 0.0398026 0.0205601 0.00991556 0.00446286 0.00187339 0.000732883 0.000266977 9.0483e-05 2.85042e-05 8.33825e-06 2.26264e-06 5.68933e-07 1.32411e-07 2.84906e-08 5.66068e-09 1.03727e-09 1.75075e-10 2.71839e-11 3.87783e-12 5.07567e-13 6.08774e-14 6.68211e-15 6.70356e-16 6.13875e-17 5.12503e-18 3.89606e-19 2.69373e-20 1.69194e-21
1.43146e-20 2.89974e-08 7.50964e-07 9.37092e-06 7.50422e-05 0.000433365 0.00192294 0.00682166 0.0198794 0.048534 0.100765 0.180028 0.279516 0.380382 0.457265 0.48923 0.469368 0.406898 0.321197 0.23259 0.155537 0.0965642 0.0558663 0.0301813 0.0152378 0.00718921 0.00316813 0.00130314 0.00049993 0.00017873 5.94936e-05 1.84212e-05 5.30044e-06 1.41578e-06 3.50672e-07 8.04509e-08 1.70756e-08 3.34897e-09 6.06173e-10 1.0113e-10 1.55308e-11 2.1927e-12 2.84222e-13 3.37798e-14 3.67623e-15 3.65872e-16 3.32563e-17 2.75732e-18 2.08272e-19 1.43146e-20
1.11293e-19 1.44987e-08 3.89981e-07 5.06094e-06 4.22066e-05 0.000254204 0.00117815 0.0043723 0.0133506 0.0342067 0.0746492 0.140396 0.229772 0.329949 0.418824 0.473248 0.479299 0.438133 0.364048 0.276893 0.194063 0.12605 0.0762152 0.0430238 0.0227096 0.0112135 0.00517867 0.00223563 0.000901534 0.00033933 0.000119112 3.89574e-05 1.18608e-05 3.35811e-06 8.83228e-07 2.15561e-07 4.87633e-08 1.02123e-08 1.97757e-09 3.53651e-10 5.83302e-11 8.86177e-12 1.23846e-12 1.59001e-13 1.8728e-14 2.02105e-15 1.99564e-16 1.80068e-17 1.48279e-18 1.11293e-19
7.97044e-19 7.24935e-09 2.0224e-07 2.72546e-06 2.36338e-05 0.000148205 0.000716178 0.00277523 0.00886143 0.0237786 0.054428 0.107523 0.185084 0.279861 0.374387 0.446036 0.476273 0.458716 0.40109 0.32047 0.235478 0.160057 0.101133 0.0596195 0.0328667 0.0169615 0.00819609 0.00370715 0.00156858 0.000620432 0.000229221 7.90346e-05 2.54091e-05 7.60948e-06 2.12067e-06 5.49395e-07 1.32162e-07 2.94878e-08 6.09494e-09 1.16561e-09 2.05991e-10 3.3596e-11 5.05012e-12 6.98731e-13 8.88645e-14 1.03745e-14 1.11031e-15 1.08785e-16 9.74479e-18 7.97044e-19
5.27092e-18 3.62467e-09 1.04744e-07 1.46385e-06 1.31796e-05 8.59194e-05 0.000432192 0.0017457 0.00581833 0.01632 0.0391033 0.0809753 0.146303 0.232472 0.327124 0.410211 0.461155 0.467495 0.429903 0.36078 0.277974 0.197768 0.130595 0.0803762 0.0462431 0.0249141 0.0125788 0.00595162 0.00263787 0.00109451 0.000424827 0.000154128 5.22219e-05 1.65093e-05 4.86507e-06 1.33503e-06 3.40779e-07 8.0825e-08 1.77914e-08 3.63027e-09 6.85801e-10 1.19793e-10 1.9323e-11 2.87442e-12 3.93798e-13 4.96195e-14 5.74241e-15 6.09546e-16 5.92651e-17 5.27092e-18
3.2268e-17 1.81234e-09 5.41846e-08 7.84297e-07 7.32173e-06 4.95495e-05 0.000259056 0.00108895 0.00378202 0.0110692 0.0277117 0.0600393 0.113639 0.189388 0.279798 0.368667 0.435683 0.464325 0.448699 0.395342 0.319377 0.237871 0.164181 0.105485 0.0633096 0.0355786 0.0187465 0.00926522 0.00429474 0.00186619 0.000759667 0.000289477 0.000103175 3.43656e-05 1.06872e-05 3.10005e-06 8.37906e-07 2.10802e-07 4.93082e-08 1.07108e-08 2.15804e-09 4.02797e-10 6.95582e-11 1.10987e-11 1.63411e-12 2.21709e-13 2.7681e-14 3.17598e-15 3.34406e-16 3.2268e-17
1.83337e-16 9.06168e-10 2.79985e-08 4.19241e-07 4.05301e-06 2.84356e-05 0.000154303 0.000674002 0.00243548 0.0074256 0.0193904 0.0438755 0.0868393 0.151514 0.234593 0.324233 0.402175 0.450004 0.456512 0.42202 0.35736 0.278624 0.201026 0.134833 0.0843976 0.0494441 0.0271625 0.0140058 0.00677998 0.00308047 0.00131293 0.000524572 0.000196326 6.87702e-05 2.25264e-05 6.89362e-06 1.96898e-06 5.24354e-07 1.30055e-07 3.00095e-08 6.43443e-09 1.28042e-09 2.36178e-10 4.03285e-11 6.36642e-12 9.2791e-13 1.24695e-13 1.54285e-14 1.75519e-15 1.83337e-16
9.69265e-16 4.53084e-10 1.44523e-08 2.2362e-07 2.23613e-06 1.62443e-05 9.13691e-05 0.000414152 0.00155474 0.00493054 0.013408 0.031633 0.0653574 0.119176 0.193053 0.279413 0.363204 0.426089 0.453258 0.439266 0.38969 0.317992 0.239825 0.16793 0.109615 0.0669208 0.0383033 0.0205842 0.0103929 0.00493022 0.0021967 0.00091875 0.000360449 0.000132548 4.56483e-05 1.471e-05 4.4313e-06 1.24667e-06 3.27204e-07 8.00323e-08 1.8222e-08 3.85742e-09 7.58298e-10 1.38253e-10 2.33474e-11 3.64717e-12 5.26302e-13 7.00616e-14 8.59183e-15 9.69265e-16
4.78055e-15 2.26543e-10 7.4527e-09 1.19036e-07 1.22987e-06 9.24022e-06 5.38067e-05 0.000252761 0.000984447 0.00324264 0.00916927 0.0225205 0.0484952 0.0922669 0.156115 0.236233 0.321308 0.394647 0.439674 0.446262 0.414478 0.353841 0.278908 0.203877 0.138773 0.0882682 0.0526121 0.0294438 0.0154885 0.00766157 0.00356346 0.00155772 0.0006396 0.000246499 8.90982e-05 3.01792e-05 9.57065e-06 2.83898e-06 7.86935e-07 2.03618e-07 4.91271e-08 1.10397e-08 2.30786e-09 4.48275e-10 8.08003e-11 1.34973e-11 2.08673e-12 2.98182e-13 3.93267e-14 4.78055e-15
2.20536e-14 1.13274e-10 3.83962e-09 6.32443e-08 6.74455e-07 5.23505e-06 3.15235e-05 0.000153284 0.000618604 0.00211354 0.00620596 0.0158449 0.0355078 0.0703811 0.124191 0.196174 0.278771 0.357978 0.41716 0.442968 0.43037 0.384159 0.316375 0.241393 0.171325 0.11352 0.0704401 0.0410279 0.0224662 0.0115751 0.00561251 0.00256059 0.00109866 0.000443049 0.000167798 5.96387e-05 1.98749e-05 6.20482e-06 1.81296e-06 4.95277e-07 1.26373e-07 3.00834e-08 6.67378e-09 1.37807e-09 2.64538e-10 4.71488e-11 7.79202e-12 1.19246e-12 1.68754e-13 2.20536e-14
9.5404e-14 5.66479e-11 1.97645e-09 3.3542e-08 3.6885e-07 2.95475e-06 1.83793e-05 9.24035e-05 0.000385944 0.00136607 0.00415975 0.0110254 0.0256764 0.0529444 0.097286 0.160182 0.237472 0.318374 0.387569 0.430064 0.436669 0.407265 0.350267 0.278884 0.206359 0.142423 0.0919802 0.055734 0.031747 0.0170206 0.00859379 0.00408655 0.00182963 0.000770855 0.000305424 0.000113719 3.97568e-05 1.30399e-05 4.00889e-06 1.15412e-06 3.10825e-07 7.8228e-08 1.83786e-08 4.02592e-09 8.21303e-10 1.55843e-10 2.74704e-11 4.49224e-12 6.80606e-13 9.5404e-14
3.88005e-13 2.83716e-11 1.01655e-09 1.77592e-08 2.01196e-07 1.6618e-06 1.0667e-05 5.53914e-05 0.000239174 0.000876009 0.00276291 0.00759258 0.0183509 0.0393104 0.0751152 0.128734 0.198827 0.277923 0.352971 0.408816 0.433366 0.421967 0.378766 0.314575 0.242621 0.174391 0.117201 0.0738571 0.0437405 0.0243838 0.0128072 0.00634017 0.00295809 0.00130024 0.000538139 0.000209571 7.67377e-05 2.63983e-05 8.52438e-06 2.5815e-06 7.32472e-07 1.94526e-07 4.83033e-08 1.12023e-08 2.42361e-09 4.88573e-10 9.16569e-11 1.59813e-11 2.58642e-12 3.88005e-13
1.48721e-12 1.43798e-11 5.22459e-10 9.38788e-09 1.09477e-07 9.31498e-07 6.1644e-06 3.30292e-05 0.000147282 0.000557591 0.00181946 0.00517775 0.0129717 0.0288306 0.0572128 0.101925 0.163781 0.238375 0.315447 0.380894 0.421091 0.427667 0.400366 0.346671 0.278598 0.208506 0.145796 0.0955293 0.0587988 0.0340622 0.0185955 0.00957368 0.00464913 0.00212917 0.00091919 0.000373855 0.000143154 5.1568e-05 1.74614e-05 5.55294e-06 1.65699e-06 4.63499e-07 1.21415e-07 2.97528e-08 6.81293e-09 1.45609e-09 2.90115e-10 5.38191e-11 9.28387e-12 1.48721e-12
5.38554e-12 7.93352e-12 2.6842e-10 4.95517e-09 5.94327e-08 5.20488e-07 3.54795e-06 1.95968e-05 9.01559e-05 0.000352437 0.00118853 0.0034986 0.00907474 0.0209012 0.0430217 0.0795688 0.132853 0.201078 0.276911 0.348171 0.400993 0.424379 0.414016 0.373518 0.312635 0.243552 0.177151 0.120663 0.0771641 0.0464305 0.0263288 0.0140846 0.00711141 0.00338915 0.00152418 0.000646523 0.000258505 9.73612e-05 3.45147e-05 1.15071e-05 3.60496e-06 1.06024e-06 2.92457e-07 7.55838e-08 1.82829e-08 4.13451e-09 8.73104e-10 1.71967e-10 3.15515e-11 5.38554e-12
1.84685e-11 6.65953e-12 1.38177e-10 2.61179e-09 3.21939e-08 2.8996e-07 2.03422e-06 1.15724e-05 5.48763e-05 0.000221296 0.000770481 0.00234356 0.00628667 0.014988 0.0319615 0.0612952 0.106211 0.166965 0.238995 0.312541 0.374582 0.412686 0.419198 0.393767 0.343076 0.278093 0.210352 0.148907 0.0989134 0.0617973 0.0363797 0.0202067 0.010598 0.00525028 0.00245666 0.00108535 0.000452514 0.000177933 6.59379e-05 2.30109e-05 7.55605e-06 2.3326e-06 6.7635e-07 1.8402e-07 4.69333e-08 1.12087e-08 2.50381e-09 5.22535e-10 1.01759e-10 1.84685e-11
6.01139e-11 1.2564e-11 7.24181e-11 1.37499e-09 1.74029e-08 1.61077e-07 1.16209e-06 6.8033e-06 3.32244e-05 0.000138086 0.000495889 0.00155702 0.00431512 0.0106373 0.0234747 0.0466283 0.083753 0.136588 0.20298 0.275768 0.343561 0.393634 0.415942 0.406483 0.368422 0.310585 0.244223 0.179629 0.12391 0.0803553 0.0490885 0.0282932 0.0154024 0.00792414 0.00385347 0.00177101 0.000768932 0.000315223 0.000121935 4.44744e-05 1.52835e-05 4.94433e-06 1.50448e-06 4.30185e-07 1.15477e-07 2.9071e-08 6.85625e-09 1.51317e-09 3.12147e-10 6.01139e-11
1.86131e-10 3.63389e-11 4.2491e-11 7.23702e-10 9.38892e-09 8.924e-08 6.61583e-07 3.98269e-06 2.00138e-05 8.56553e-05 0.000316988 0.00102646 0.00293607 0.00747622 0.017056 0.0350515 0.0651907 0.110171 0.169784 0.239374 0.309665 0.368598 0.404788 0.411212 0.387452 0.339503 0.277404 0.211926 0.15177 0.102133 0.0647219 0.0386908 0.0218478 0.0116632 0.0058888 0.00281224 0.00126997 0.000542078 0.000218579 8.3205e-05 2.9879e-05 1.01139e-05 3.2244e-06 9.67331e-07 2.72831e-07 7.22739e-08 1.79636e-08 4.18471e-09 9.1266e-10 1.86131e-10
5.49395e-10 1.11235e-10 3.9415e-11 3.83096e-10 5.05631e-09 4.93145e-08 3.75412e-07 2.32214e-06 1.19983e-05 5.28346e-05 0.000201321 0.000671722 0.00198126 0.00520614 0.0122661 0.0260538 0.0501211 0.0876806 0.139977 0.204579 0.274519 0.339131 0.386693 0.408 0.399332 0.363478 0.308454 0.244665 0.181848 0.126951 0.0834273 0.0517064 0.0302693 0.0167555 0.00877603 0.00435052 0.0020411 0.000906024 0.000380329 0.000150892 5.6542e-05 1.99964e-05 6.66915e-06 2.09587e-06 6.20081e-07 1.72552e-07 4.51188e-08 1.10742e-08 2.54868e-09 5.49395e-10
1.54904e-09 3.30315e-10 7.53249e-11 2.11256e-10 2.7197e-09 2.71854e-08 2.12363e-07 1.34878e-06 7.1602e-06 3.24164e-05 0.000127078 0.000436522 0.00132649 0.0035937 0.00873613 0.0191599 0.0380874 0.0689009 0.113829 0.172278 0.239549 0.306825 0.362912 0.397346 0.403666 0.381405 0.335966 0.276559 0.213256 0.1544 0.105189 0.0675669 0.0409878 0.0235124 0.0127658 0.00656327 0.00319581 0.00147356 0.000643176 0.00026561 0.000103717 3.82692e-05 1.33328e-05 4.38251e-06 1.35797e-06 3.96317e-07 1.08836e-07 2.80965e-08 6.81143e-09 1.54904e-09
4.18023e-09 9.39677e-10 2.0282e-10 1.4329e-10 1.46548e-09 1.49525e-08 1.19774e-07 7.80569e-07 4.25449e-06 1.97883e-05 7.97472e-05 0.0002818 0.000881507 0.0024601 0.00616492 0.013948 0.0286237 0.0534941 0.0913649 0.143054 0.205914 0.273187 0.334868 0.380129 0.400506 0.392536 0.358685 0.306262 0.244908 0.183828 0.129794 0.0863781 0.0542773 0.0322501 0.0181391 0.00966452 0.00487954 0.00233469 0.00105837 0.000454393 0.000184664 7.09931e-05 2.5801e-05 8.85765e-06 2.87024e-06 8.77145e-07 2.52576e-07 6.84661e-08 1.7454e-08 4.18023e-09
1.08171e-08 2.55996e-09 5.71249e-10 1.73055e-10 8.04385e-10 8.20901e-09 6.73634e-08 4.50172e-07 2.51753e-06 1.20214e-05 4.97678e-05 0.000180773 0.000581653 0.0016708 0.00431251 0.0100565 0.0212859 0.0410589 0.0724295 0.117209 0.174484 0.23955 0.304028 0.357499 0.390318 0.396521 0.37561 0.332474 0.275585 0.214368 0.156811 0.108086 0.0703277 0.0432637 0.0251946 0.0139018 0.00727203 0.00360712 0.00169653 0.000756382 0.000319529 0.000127828 4.83971e-05 1.73293e-05 5.86395e-06 1.87369e-06 5.64861e-07 1.60521e-07 4.296e-08 1.08171e-08
2.68885e-08 6.68852e-09 1.5656e-09 3.72152e-10 4.8872e-10 4.5067e-09 3.77862e-08 2.58767e-07 1.48385e-06 7.26946e-06 3.08946e-05 0.000115271 0.000381213 0.00112623 0.00299165 0.00718449 0.0156712 0.0311724 0.0567442 0.0948194 0.145846 0.207017 0.271789 0.330763 0.373908 0.393419 0.386066 0.354042 0.30403 0.244977 0.18559 0.132449 0.089207 0.0567957 0.0342292 0.0195482 0.0105869 0.00543957 0.00265182 0.00122646 0.000537955 0.000223678 8.81128e-05 3.28632e-05 1.15966e-05 3.86882e-06 1.21928e-06 3.62691e-07 1.01741e-07 2.68885e-08
6.43145e-08 1.67885e-08 4.12706e-09 9.68877e-10 4.30436e-10 2.49771e-09 2.11464e-08 1.48277e-07 8.71309e-07 4.37666e-06 1.9082e-05 7.30826e-05 0.000248242 0.000753721 0.00205894 0.00508807 0.0114278 0.0234218 0.0439583 0.0757818 0.120333 0.176432 0.239403 0.301276 0.352336 0.383664 0.389742 0.370054 0.329036 0.274503 0.215283 0.159019 0.110828 0.0730014 0.0455124 0.0268887 0.0150676 0.00801325 0.0040457 0.00193914 0.000882205 0.000380817 0.000155896 6.0488e-05 2.22299e-05 7.73273e-06 2.54405e-06 7.90984e-07 2.32216e-07 6.43145e-08
1.48265e-07 4.05515e-08 1.04578e-08 2.54797e-09 6.99657e-10 1.46407e-09 1.18221e-08 8.47117e-08 5.09793e-07 2.62398e-06 1.17293e-05 4.60823e-05 0.000160662 0.000500981 0.00140633 0.00357351 0.00825795 0.0174248 0.03369 0.05987 0.0980573 0.148382 0.207917 0.27034 0.326806 0.368 0.386703 0.379898 0.349545 0.301769 0.244893 0.187151 0.134923 0.0919146 0.0592569 0.0362006 0.0209781 0.0115404 0.00602947 0.00299242 0.00141067 0.000631511 0.000268356 0.000108192 4.13589e-05 1.49813e-05 5.13839e-06 1.66752e-06 5.116e-07 1.48265e-07
3.29933e-07 9.44083e-08 2.55047e-08 6.50288e-09 1.62381e-09 1.08186e-09 6.64308e-09 4.82669e-08 2.97252e-07 1.56689e-06 7.17666e-06 2.89058e-05 0.000103372 0.000330822 0.000953656 0.00248992 0.00591573 0.0128414 0.0255574 0.04678 0.0789637 0.12322 0.17815 0.239128 0.298573 0.347403 0.377351 0.383301 0.364722 0.325657 0.273331 0.216022 0.161037 0.113419 0.0755858 0.0477287 0.0285893 0.0162593 0.00878494 0.00451095 0.00220155 0.00102109 0.000449934 0.000188274 7.47754e-05 2.81701e-05 1.00599e-05 3.40295e-06 1.08956e-06 3.29933e-07
7.09745e-07 2.1217e-07 5.99565e-08 1.60038e-08 4.06335e-09 1.35284e-09 3.86247e-09 2.7455e-08 1.7276e-07 9.3207e-07 4.37177e-06 1.80412e-05 6.61391e-05 0.000217097 0.000642239 0.00172179 0.00420283 0.00937855 0.0191994 0.0361687 0.0628719 0.101092 0.150685 0.208639 0.268851 0.322988 0.362377 0.380326 0.374011 0.345189 0.299494 0.244677 0.18853 0.137228 0.0945024 0.0616572 0.038159 0.0224243 0.0125221 0.00664794 0.00335625 0.00161132 0.000735513 0.000319104 0.000131525 5.14728e-05 1.9115e-05 6.7314e-06 2.24626e-06 7.09745e-07
1.478e-06 4.60958e-07 1.36063e-07 3.79801e-08 1.00336e-08 2.70809e-09 2.60765e-09 1.56587e-08 1.00107e-07 5.52415e-07 2.65192e-06 1.12065e-05 4.20902e-05 0.000141618 0.000429668 0.00118201 0.00296231 0.00679069 0.014289 0.0276841 0.0495203 0.0819818 0.125888 0.179662 0.238745 0.295919 0.342682 0.371352 0.377169 0.3596 0.322342 0.272085 0.216603 0.162879 0.115865 0.0780798 0.0499081 0.0302917 0.0174732 0.00958502 0.00500209 0.00248378 0.00117342 0.000527308 0.000225314 9.14987e-05 3.52939e-05 1.29232e-05 4.48883e-06 1.478e-06
2.98341e-06 9.69479e-07 2.98511e-07 8.70218e-08 2.40069e-08 6.37083e-09 2.65787e-09 9.13319e-09 5.7883e-08 3.26261e-07 1.60217e-06 6.92922e-06 2.66483e-05 9.18541e-05 0.000285643 0.000805841 0.00207216 0.0048765 0.0105398 0.0209865 0.0386022 0.0657511 0.103935 0.152775 0.209203 0.267332 0.319301 0.357017 0.37426 0.368384 0.340971 0.297214 0.244344 0.189741 0.139372 0.0969725 0.063994 0.0400999 0.0238824 0.0135291 0.00729356 0.00374294 0.0018286 0.000850362 0.000376311 0.000158406 6.33963e-05 2.41085e-05 8.70601e-06 2.98341e-06
5.84471e-06 1.97645e-06 6.33995e-07 1.92766e-07 5.55143e-08 1.51888e-08 4.51435e-09 5.89553e-09 3.35081e-08 1.92072e-07 9.64215e-07 4.26569e-06 1.67888e-05 5.92512e-05 0.000188749 0.000545742 0.001439 0.00347433 0.00770817 0.0157632 0.0297944 0.0521766 0.0848431 0.128355 0.180989 0.238268 0.293316 0.338159 0.365639 0.371322 0.354678 0.319092 0.270779 0.217043 0.164557 0.118172 0.0804833 0.0520469 0.0319912 0.0187058 0.0104113 0.00551825 0.00278577 0.00133948 0.000613336 0.000267359 0.000110901 4.37524e-05 1.64073e-05 5.84471e-06
1.1126e-05 3.91058e-06 1.30522e-06 4.13381e-07 1.2414e-07 3.53516e-08 9.8516e-09 5.20494e-09 1.97018e-08 1.1279e-07 5.78143e-07 2.61495e-06 1.05272e-05 3.802e-05 0.000124 0.000367245 0.000992371 0.00245666 0.00559125 0.0117357 0.0227788 0.0409855 0.0685098 0.106599 0.154672 0.209628 0.265792 0.315738 0.351899 0.36848 0.363 0.336885 0.294936 0.243911 0.1908 0.141364 0.0993278 0.0662651 0.0420191 0.0253485 0.0145586 0.00796479 0.00415201 0.00206262 0.000976408 0.000440348 0.00018913 7.73269e-05 3.00798e-05 1.1126e-05
2.06029e-05 7.51829e-06 2.6079e-06 8.59301e-07 2.6876e-07 7.97459e-08 2.26016e-08 7.52827e-09 1.24534e-08 6.62459e-08 3.45467e-07 1.59655e-06 6.57109e-06 2.42736e-05 8.101e-05 0.000245623 0.000679808 0.00172452 0.00402396 0.00866346 0.0172572 0.0318821 0.0547477 0.0875545 0.130636 0.18215 0.23771 0.290765 0.333818 0.36019 0.36574 0.349943 0.31591 0.269423 0.217355 0.166082 0.120346 0.0827964 0.0541421 0.0336838 0.0199535 0.0112617 0.0060584 0.00310732 0.00151952 0.000708378 0.000314739 0.000133229 5.37034e-05 2.06029e-05
3.71531e-05 1.40606e-05 5.06309e-06 1.7336e-06 5.64031e-07 1.74253e-07 5.11738e-08 1.50649e-08 9.99082e-09 3.93496e-08 2.05856e-07 9.71007e-07 4.08382e-06 1.54224e-05 5.26418e-05 0.000163316 0.000462715 0.00120216 0.00287424 0.00634371 0.0129603 0.0245697 0.0433149 0.0711511 0.109095 0.156393 0.20993 0.264238 0.312292 0.347004 0.362965 0.357841 0.332926 0.292667 0.243389 0.191719 0.143214 0.101571 0.0684693 0.0439129 0.0268186 0.0156076 0.00866004 0.00458286 0.00231342 0.00111395 0.000511558 0.000223984 9.34659e-05 3.71531e-05
6.53095e-05 2.56069e-05 9.56185e-06 3.39835e-06 1.14882e-06 3.69142e-07 1.12713e-07 3.31193e-08 1.25279e-08 2.46702e-08 1.22603e-07 5.88432e-07 2.52741e-06 9.75309e-06 3.40321e-05 0.000107979 0.000313016 0.000832439 0.0020382 0.00460897 0.00965202 0.018765 0.0339423 0.057233 0.090123 0.132744 0.183162 0.237084 0.288265 0.329648 0.354984 0.360403 0.345384 0.312797 0.268028 0.217554 0.167466 0.122393 0.0850203 0.0561911 0.0353658 0.0212131 0.0121338 0.00662145 0.00344814 0.00171368 0.000812753 0.000367771 0.000158725 6.53095e-05
0.000112017 4.54582e-05 1.75844e-05 6.4801e-06 2.27358e-06 7.58979e-07 2.40928e-07 7.29164e-08 2.28236e-08 1.85991e-08 7.36366e-08 3.55517e-07 1.55792e-06 6.14025e-06 2.18926e-05 7.10055e-05 0.000210497 0.000572728 0.00143532 0.00332359 0.0071305 0.0142085 0.0263536 0.0455876 0.073678 0.111434 0.157953 0.210123 0.262674 0.308956 0.342316 0.357694 0.352894 0.32909 0.290412 0.242791 0.19251 0.144929 0.103706 0.0706057 0.0457784 0.0282895 0.0166735 0.00937763 0.00503479 0.00258091 0.00126322 0.000590262 0.000263248 0.000112017
0.000187633 7.87377e-05 3.15213e-05 1.20322e-05 4.37684e-06 1.51628e-06 4.99953e-07 1.56922e-07 4.787e-08 2.07113e-08 4.61178e-08 2.14577e-07 9.5672e-07 3.84909e-06 1.40164e-05 4.64491e-05 0.000140751 0.000391612 0.00100402 0.00237945 0.00522704 0.0106695 0.0202811 0.0359706 0.0596328 0.0925558 0.134693 0.184038 0.236399 0.285815 0.325636 0.350005 0.355294 0.340992 0.309751 0.266602 0.217651 0.16872 0.124318 0.0871561 0.0581921 0.0370339 0.0224815 0.0130256 0.00720621 0.00380785 0.00192206 0.00092674 0.000426755 0.000187633
0.000307194 0.000133185 5.51295e-05 2.17768e-05 8.20453e-06 2.94656e-06 1.00812e-06 3.28438e-07 1.02396e-07 3.42907e-08 3.34146e-08 1.30347e-07 5.85649e-07 2.4029e-06 8.93275e-06 3.02327e-05 9.36003e-05 0.000266182 0.000697818 0.00169174 0.00380325 0.00794827 0.0154753 0.0281259 0.0478017 0.0760943 0.113624 0.159365 0.210218 0.261107 0.305726 0.33782 0.352649 0.348143 0.325372 0.288176 0.242126 0.193185 0.146519 0.105737 0.0726741 0.047613 0.0297577 0.0177535 0.0101159 0.00550703 0.00286496 0.0014244 0.000676747 0.000307194
0.000491971 0.000220189 9.41573e-05 3.84531e-05 1.49906e-05 5.57555e-06 1.97734e-06 6.68277e-07 2.15417e-07 6.83434e-08 3.38526e-08 8.1881e-08 3.57998e-07 1.49428e-06 5.66783e-06 1.95827e-05 6.19165e-05 0.000179891 0.000482 0.00119478 0.00274749 0.00587576 0.0117118 0.0218006 0.0379638 0.061948 0.0948594 0.136495 0.184792 0.235663 0.283416 0.321773 0.345235 0.350396 0.336757 0.306774 0.265151 0.217656 0.169852 0.126128 0.0892055 0.0601435 0.0386854 0.0237556 0.0139347 0.00781146 0.00418599 0.00214468 0.00105057 0.000491971
0.000771272 0.00035608 0.000157173 6.63052e-05 2.67219e-05 1.02831e-05 3.77644e-06 1.32281e-06 4.41847e-07 1.4188e-07 5.1098e-08 5.78668e-08 2.19939e-07 9.26137e-07 3.58105e-06 1.26253e-05 4.07496e-05 0.000120904 0.000330946 0.000838389 0.00197114 0.00431163 0.00879377 0.0167562 0.0298822 0.0499559 0.0784037 0.115677 0.160643 0.210227 0.259539 0.302595 0.333504 0.347815 0.343577 0.321766 0.285963 0.241403 0.193754 0.14799 0.107667 0.0746745 0.0494144 0.0312205 0.0188451 0.0108731 0.00599873 0.00316534 0.00159763 0.000771272
0.00118445 0.000563676 0.000256627 0.000111739 4.65136e-05 1.85025e-05 7.02977e-06 2.54963e-06 8.82327e-07 2.91864e-07 9.6489e-08 5.44824e-08 1.38903e-07 5.73038e-07 2.25359e-06 8.10317e-06 2.66875e-05 8.08267e-05 0.000225925 0.000584667 0.00140476 0.00314138 0.0065527 0.012775 0.0233192 0.039919 0.0641798 0.0970404 0.13816 0.185435 0.234883 0.281067 0.318049 0.34066 0.345696 0.332671 0.303864 0.263683 0.217579 0.170872 0.127828 0.0911706 0.0620445 0.0403175 0.0250328 0.0148591 0.0084359 0.00458203 0.00238148 0.00118445
0.00178297 0.000874063 0.000410151 0.000184183 7.91264e-05 3.2508e-05 1.27661e-05 4.7897e-06 1.71598e-06 5.87095e-07 1.94176e-07 7.54857e-08 9.66928e-08 3.55971e-07 1.41332e-06 5.17838e-06 1.73953e-05 5.37571e-05 0.000153376 0.000405296 0.000994715 0.00227307 0.00484704 0.00966384 0.0180471 0.0316191 0.0520494 0.0806101 0.1176 0.161798 0.210159 0.257975 0.299558 0.329355 0.343178 0.339184 0.318268 0.283774 0.240631 0.194225 0.14935 0.1095 0.0766076 0.051181 0.0326751 0.019946 0.0116475 0.00650897 0.00348176 0.00178297
0.00263236 0.00132851 0.000642107 0.000297167 0.000131655 5.58172e-05 2.26371e-05 8.77791e-06 3.25284e-06 1.15154e-06 3.90636e-07 1.34831e-07 8.60892e-08 2.26332e-07 8.84643e-07 3.29585e-06 1.12868e-05 3.55762e-05 0.000103566 0.000279336 0.000700005 0.00163389 0.00356006 0.00725544 0.0138555 0.0248331 0.0418343 0.0663298 0.0991052 0.139699 0.185979 0.234067 0.278767 0.314456 0.336266 0.341181 0.328726 0.301021 0.262202 0.217428 0.171788 0.129425 0.0930535 0.0638943 0.0419281 0.0263105 0.0157967 0.00907824 0.00499536 0.00263236
0.00381386 0.00198044 0.000985311 0.000469637 0.000214411 9.3736e-05 3.92272e-05 1.57075e-05 6.01538e-06 2.20219e-06 7.71086e-07 2.62733e-07 1.1046e-07 1.5621e-07 5.55488e-07 2.09025e-06 7.29135e-06 2.34315e-05 6.95713e-05 0.000191451 0.000489671 0.00116695 0.00259697 0.00540775 0.0105554 0.0193443 0.0333337 0.054082 0.0827175 0.119402 0.162839 0.210023 0.256417 0.296611 0.325361 0.338723 0.334953 0.314873 0.281611 0.239815 0.194608 0.150606 0.111239 0.0784739 0.0529112 0.0341193 0.0210536 0.0124375 0.0070368 0.00381386
0.00542533 0.00289715 0.00148287 0.000727474 0.000342024 0.000154073 6.64816e-05 2.74673e-05 1.08614e-05 4.10878e-06 1.48664e-06 5.1691e-07 1.86597e-07 1.33335e-07 3.55849e-07 1.32287e-06 4.6908e-06 1.53614e-05 4.65014e-05 0.000130511 0.000340561 0.00082831 0.00188196 0.00400236 0.0079816 0.0149499 0.026339 0.0437079 0.0683998 0.10106 0.14112 0.186431 0.23322 0.276514 0.310986 0.332042 0.336838 0.324913 0.298242 0.260713 0.217212 0.172607 0.130923 0.0948565 0.0656925 0.0435152 0.0275865 0.0167456 0.00973714 0.00542533
0.00758124 0.00416124 0.00219001 0.00110517 0.000534749 0.000248049 0.000110278 4.69744e-05 1.91644e-05 7.48511e-06 2.79771e-06 1.00177e-06 3.51753e-07 1.59966e-07 2.44592e-07 8.39358e-07 3.00683e-06 1.00261e-05 3.09314e-05 8.85063e-05 0.000235536 0.000584435 0.00135514 0.00294216 0.00599198 0.0114657 0.0206444 0.0350234 0.0560538 0.0847298 0.12109 0.163776 0.209825 0.254867 0.29375 0.321514 0.33444 0.330876 0.311578 0.279478 0.238962 0.194909 0.151765 0.11289 0.0802745 0.0546039 0.0355509 0.022166 0.0132414 0.00758124
0.0104113 0.00587124 0.00317563 0.00164759 0.000819962 0.000391399 0.000179163 7.8626e-05 3.30694e-05 1.33247e-05 5.14141e-06 1.89974e-06 6.76763e-07 2.5586e-07 2.02279e-07 5.41975e-07 1.92309e-06 6.51647e-06 2.04788e-05 5.97189e-05 0.000162021 0.000409986 0.000969786 0.00214865 0.00446707 0.00872886 0.0160551 0.0278339 0.0455386 0.0703918 0.10291 0.142433 0.186801 0.232346 0.274309 0.307632 0.327977 0.332658 0.321227 0.295528 0.25922 0.216936 0.173337 0.132327 0.0965821 0.0674392 0.0450774 0.0288584 0.0177037 0.0104113
0.0140575 0.00814127 0.00452343 0.00241161 0.00123378 0.00060568 0.000285281 0.000128895 5.58477e-05 2.31971e-05 9.23308e-06 3.52057e-06 1.28825e-06 4.66311e-07 2.29069e-07 3.72127e-07 1.23253e-06 4.21978e-06 1.34976e-05 4.00988e-05 0.00011087 0.000286003 0.000689886 0.00155922 0.00330786 0.00659796 0.012392 0.0219445 0.0366863 0.0579652 0.0866509 0.122671 0.164617 0.209573 0.253327 0.290971 0.317805 0.330318 0.326942 0.308377 0.277374 0.238078 0.195136 0.152832 0.114455 0.0820106 0.0562583 0.0369679 0.0232811 0.0140575
0.0186693 0.0110994 0.00633235 0.00346752 0.00182269 0.000919729 0.000445481 0.000207088 9.23711e-05 3.95224e-05 1.62151e-05 6.37682e-06 2.40441e-06 8.77282e-07 3.4769e-07 3.00598e-07 8.02331e-07 2.72616e-06 8.8587e-06 2.67982e-05 7.54844e-05 0.000198437 0.000487945 0.00112455 0.00243354 0.00495291 0.00949496 0.0171682 0.0293154 0.0473257 0.072308 0.104661 0.143644 0.187095 0.23145 0.272149 0.304388 0.324061 0.32863 0.31766 0.292876 0.257726 0.216607 0.173984 0.133643 0.0982327 0.0691345 0.0466131 0.0301245 0.0186693
0.0243969 0.0148843 0.00871586 0.00489993 0.00264511 0.00137121 0.000682605 0.000326284 0.000149729 6.59468e-05 2.78687e-05 1.12959e-05 4.39062e-06 1.64085e-06 6.12486e-07 3.24144e-07 5.51465e-07 1.76425e-06 5.79243e-06 1.78285e-05 5.11413e-05 0.000136961 0.000343191 0.000806248 0.00177904 0.00369322 0.00722394 0.0133316 0.0232418 0.0383206 0.0598169 0.0884846 0.124153 0.16537 0.209273 0.2518 0.288268 0.314224 0.326346 0.323145 0.305268 0.275301 0.237167 0.195296 0.153814 0.115938 0.0836836 0.0578738 0.0383688 0.0243969
0.0313828 0.0196406 0.0118001 0.0068079 0.00377252 0.00200816 0.00102691 0.000504444 0.000238007 0.000107838 4.69077e-05 1.95823e-05 7.84328e-06 3.01573e-06 1.12667e-06 4.68315e-07 4.37804e-07 1.15785e-06 3.77834e-06 1.18104e-05 3.44849e-05 9.40509e-05 0.000240076 0.000574719 0.00129265 0.00273613 0.00545858 0.0102778 0.0182867 0.0307812 0.0490687 0.0741507 0.106319 0.144761 0.187321 0.230536 0.270034 0.301246 0.320285 0.324745 0.314206 0.290284 0.256234 0.216231 0.174555 0.134876 0.0998108 0.0707787 0.0481213 0.0313828
0.0397521 0.0255117 0.0157203 0.009304 0.00529021 0.00289034 0.00151753 0.000765676 0.000371226 0.000172922 7.73729e-05 3.3245e-05 1.37128e-05 5.42951e-06 2.0712e-06 7.97491e-07 4.5306e-07 7.9783e-07 2.4681e-06 7.79439e-06 2.31477e-05 6.42679e-05 0.000167063 0.000407397 0.000933683 0.00201439 0.00409736 0.00786817 0.0142822 0.0245339 0.039925 0.0616097 0.0902347 0.12554 0.166041 0.208929 0.250285 0.28564 0.310766 0.322515 0.319476 0.302245 0.273259 0.236232 0.195393 0.154715 0.117343 0.0852947 0.05945 0.0397521
0.049601 0.0326319 0.020616 0.0125122 0.0072971 0.00409028 0.00220394 0.0011416 0.000568451 0.000272074 0.000125148 5.5309e-05 2.34789e-05 9.57116e-06 3.75035e-06 1.43435e-06 6.25275e-07 6.25445e-07 1.63296e-06 5.13124e-06 1.5471e-05 4.37078e-05 0.000115666 0.00028723 0.00067054 0.00147404 0.00305587 0.00598277 0.0110752 0.0194081 0.0322294 0.0507673 0.0759222 0.107887 0.14579 0.187485 0.229607 0.267963 0.298203 0.31664 0.320995 0.310861 0.287752 0.254746 0.215813 0.175054 0.136029 0.101319 0.0723724 0.049601
0.0609867 0.0411165 0.026624 0.0165641 0.00990464 0.00569369 0.00314711 0.00167277 0.000855028 0.000420262 0.000198611 9.02283e-05 3.9394e-05 1.6525e-05 6.66076e-06 2.59235e-06 1.02981e-06 6.2536e-07 1.1292e-06 3.3821e-06 1.03011e-05 2.95894e-05 7.96867e-05 0.000201448 0.000478885 0.00107229 0.00226496 0.00451932 0.00852899 0.0152416 0.0258188 0.0414984 0.0633448 0.0919047 0.126839 0.166638 0.208546 0.248785 0.283083 0.307422 0.318818 0.315928 0.299306 0.271249 0.235279 0.195433 0.155542 0.118674 0.0868457 0.0609867
0.0739162 0.0510516 0.0338702 0.021594 0.0132344 0.00779916 0.0044204 0.00240994 0.0012639 0.000637645 0.000309437 0.00014442 6.48111e-05 2.79595e-05 1.15929e-05 4.62655e-06 1.81108e-06 8.27585e-07 8.77282e-07 2.25565e-06 6.84162e-06 1.99453e-05 5.46381e-05 0.000140567 0.000340167 0.000775587 0.00166862 0.00339214 0.00652415 0.0118853 0.0205302 0.0336586 0.0524216 0.0776248 0.109372 0.146738 0.187592 0.228665 0.265934 0.295252 0.31312 0.317373 0.307617 0.285278 0.253264 0.215356 0.175488 0.137108 0.10276 0.0739162
0.0883381 0.0624839 0.0424609 0.0277321 0.0174142 0.0105168 0.00610978 0.00341517 0.00183692 0.000950772 0.000473541 0.000226928 0.000104615 4.63853e-05 1.97762e-05 8.10973e-06 3.21882e-06 1.31933e-06 8.52434e-07 1.56647e-06 4.54864e-06 1.33934e-05 3.72917e-05 9.76027e-05 0.000240367 0.000557877 0.0012221 0.00253038 0.00495815 0.00920473 0.0162078 0.0270944 0.0430401 0.0650232 0.0934983 0.128055 0.167165 0.208129 0.2473 0.280593 0.304186 0.315246 0.312495 0.296447 0.269271 0.23431 0.195422 0.156298 0.119934 0.0883381
0.104136 0.075411 0.0524724 0.0350965 0.0225732 0.0139655 0.00831327 0.00476247 0.00262604 0.00139385 0.000712157 0.000350235 0.000165772 7.55003e-05 3.30808e-05 1.3943e-05 5.66427e-06 2.26907e-06 1.08588e-06 1.20945e-06 3.05755e-06 8.97104e-06 2.53426e-05 6.74472e-05 0.000168985 0.000399122 0.000889991 0.00187624 0.00374426 0.00708144 0.0127062 0.0216511 0.0350672 0.0540316 0.0792607 0.110777 0.14761 0.187647 0.227714 0.263946 0.29239 0.309716 0.313871 0.304471 0.282859 0.251791 0.214866 0.17586 0.138116 0.104136
0.121126 0.0897735 0.0639417 0.0437844 0.0288348 0.0182693 0.0111394 0.00653787 0.00369426 0.00200994 0.001053 0.000531196 0.000258003 0.000120636 5.42906e-05 2.35119e-05 9.80362e-06 3.96667e-06 1.67748e-06 1.14767e-06 2.1335e-06 6.0143e-06 1.71568e-05 4.63949e-05 0.000118216 0.000284053 0.000644556 0.00138312 0.00281025 0.00541285 0.00989384 0.0171787 0.0283592 0.0445494 0.0666462 0.0950187 0.129193 0.167628 0.20768 0.24583 0.278168 0.301053 0.311793 0.309171 0.293665 0.267325 0.233328 0.195363 0.156988 0.121126
0.139057 0.10545 0.0768576 0.0538631 0.0363096 0.0235521 0.0147044 0.00883863 0.00511607 0.0028521 0.00153147 0.000792098 0.000394599 0.00018932 8.74633e-05 3.89012e-05 1.66577e-05 6.88515e-06 2.82208e-06 1.41257e-06 1.64058e-06 4.0739e-06 1.15855e-05 3.17758e-05 8.23054e-05 0.000201135 0.000464305 0.00101384 0.00209668 0.00411155 0.00765335 0.0135363 0.0227689 0.0364543 0.0555978 0.0808324 0.112106 0.148411 0.187654 0.226755 0.261999 0.28961 0.306423 0.310482 0.301418 0.280495 0.250327 0.214346 0.176175 0.139057
0.157616 0.122253 0.0911537 0.0653603 0.0450864 0.0299309 0.0191282 0.0117715 0.00697735 0.00398408 0.00219179 0.00116179 0.000593349 0.000291959 0.000138391 6.31823e-05 2.77795e-05 1.17714e-05 4.85361e-06 2.11732e-06 1.52658e-06 2.85724e-06 7.82972e-06 2.16807e-05 5.70406e-05 0.00014172 0.00033272 0.000739071 0.00155526 0.00310412 0.00588245 0.0105948 0.0181526 0.0296116 0.0460261 0.0682151 0.0964692 0.130258 0.168033 0.207205 0.244377 0.275805 0.298017 0.308453 0.30595 0.290957 0.265411 0.232336 0.195261 0.157616
0.176438 0.139935 0.106704 0.078257 0.0552233 0.0375086 0.0245295 0.0154499 0.00937442 0.00548072 0.00308794 0.00167679 0.000877567 0.000442654 0.000215175 0.000100787 4.54809e-05 1.97755e-05 8.31253e-06 3.48547e-06 1.82195e-06 2.19191e-06 5.34348e-06 1.47552e-05 3.93607e-05 9.93803e-05 0.00023722 0.000535895 0.00114717 0.00232969 0.00449328 0.00823862 0.0143737 0.0238821 0.0378188 0.0571206 0.0823422 0.113364 0.149146 0.187619 0.225791 0.260091 0.286911 0.303235 0.307201 0.298453 0.278184 0.248873 0.213798 0.176438
0.195118 0.158187 0.123319 0.0924802 0.0667402 0.046366 0.0310191 0.0199897 0.0124121 0.00742757 0.00428433 0.00238236 0.00127718 0.000660111 0.000328915 0.000157981 7.31339e-05 3.26282e-05 1.4044e-05 5.899e-06 2.65371e-06 2.00693e-06 3.7677e-06 1.00493e-05 2.70579e-05 6.93705e-05 0.0001683 0.000386558 0.00084153 0.00173843 0.00341149 0.00636595 0.0113062 0.0191279 0.0308505 0.0474697 0.0697314 0.097853 0.131255 0.168382 0.206705 0.242941 0.273501 0.295073 0.305218 0.302827 0.288318 0.263529 0.231336 0.195118
0.213227 0.176652 0.140753 0.1079 0.0796102 0.0565531 0.0386925 0.0255044 0.0162009 0.00991985 0.00585595 0.00333334 0.00182977 0.000968644 0.000494513 0.000243448 0.000115558 5.2881e-05 2.33361e-05 9.97149e-06 4.27635e-06 2.33032e-06 2.88731e-06 6.90852e-06 1.85536e-05 4.82142e-05 0.000118835 0.000277429 0.000614044 0.00128998 0.00257496 0.00488872 0.00883606 0.015217 0.0249892 0.0391601 0.0586005 0.0837922 0.114554 0.149818 0.187544 0.224823 0.258221 0.284287 0.300145 0.304023 0.295573 0.275923 0.247432 0.213227
0.23033 0.19494 0.158703 0.124326 0.093755 0.0680816 0.0476228 0.0320985 0.0208526 0.0130604 0.0078879 0.00459465 0.00258156 0.00139921 0.000731578 0.00036898 0.000179503 8.42193e-05 3.81085e-05 1.66538e-05 7.12392e-06 3.30334e-06 2.60882e-06 4.89792e-06 1.27311e-05 3.33839e-05 8.35248e-05 0.000198132 0.000445736 0.000952011 0.00193247 0.00373184 0.00686239 0.0120265 0.0201031 0.0320746 0.0488803 0.0711964 0.099173 0.132186 0.168681 0.206183 0.241522 0.271254 0.292216 0.302084 0.299798 0.285748 0.261678 0.23033
0.246004 0.212635 0.176821 0.141514 0.109041 0.0809183 0.0578522 0.0398606 0.0264756 0.0169565 0.0104741 0.00624127 0.0035881 0.00199038 0.00106539 0.000550279 0.000274242 0.000131861 6.11639e-05 2.73812e-05 1.18889e-05 5.21363e-06 2.95608e-06 3.75337e-06 8.8145e-06 2.30575e-05 5.84544e-05 0.000140828 0.000321934 0.000698874 0.00144224 0.00283215 0.00529711 0.00944446 0.0160648 0.0260889 0.0404775 0.0600383 0.0851847 0.11568 0.150434 0.187432 0.223853 0.256388 0.281735 0.29715 0.300941 0.292773 0.273713 0.246004
0.259858 0.229319 0.194728 0.159168 0.125278 0.0949795 0.0693853 0.0488564 0.0331681 0.021716 0.0137153 0.00835771 0.00491469 0.00278924 0.00152789 0.000807836 0.00041226 0.000203051 9.65125e-05 4.42725e-05 1.9635e-05 8.55124e-06 4.08485e-06 3.35472e-06 6.28393e-06 1.5936e-05 4.07559e-05 9.96414e-05 0.000231381 0.000510404 0.00107056 0.0021372 0.00406463 0.00737079 0.0127546 0.0210768 0.0332832 0.0502579 0.0726115 0.100432 0.133057 0.168933 0.205642 0.24012 0.269061 0.289443 0.299046 0.296857 0.283243 0.259858
0.271551 0.244589 0.212024 0.176948 0.142223 0.110128 0.0821824 0.0591208 0.0410123 0.0274421 0.0177157 0.0110365 0.0066362 0.00385196 0.00215856 0.00116786 0.000610048 0.000307656 0.000149782 7.03925e-05 3.19538e-05 1.40931e-05 6.31805e-06 3.71979e-06 4.81933e-06 1.111e-05 2.8346e-05 7.01987e-05 0.000165511 0.000370893 0.00079048 0.00160388 0.00310091 0.00571771 0.0100627 0.0169157 0.02718 0.0417705 0.0614347 0.0865218 0.116744 0.150995 0.187288 0.222881 0.254591 0.279252 0.294244 0.297951 0.29005 0.271551
0.2808 0.25807 0.228306 0.194486 0.159585 0.126176 0.0961554 0.0706516 0.0500665 0.0342272 0.0225789 0.0143761 0.00883636 0.00524408 0.00300526 0.00166321 0.000888955 0.000458852 0.000228719 0.000110087 5.11731e-05 2.30234e-05 1.02056e-05 5.01892e-06 4.26956e-06 7.96465e-06 1.9728e-05 4.92723e-05 0.000117855 0.000268202 0.000580687 0.00119718 0.0023524 0.00440931 0.00789021 0.0134892 0.0220479 0.0344753 0.0516026 0.0739783 0.101633 0.13387 0.169141 0.205084 0.238736 0.266921 0.286748 0.296098 0.294001 0.2808
0.287401 0.269435 0.243188 0.211396 0.177036 0.14288 0.111166 0.0834035 0.0603591 0.0421469 0.028403 0.0184775 0.0116062 0.00704022 0.00412467 0.00233424 0.00127608 0.000673903 0.000343785 0.000169403 8.06302e-05 3.70983e-05 1.66145e-05 7.61225e-06 4.64424e-06 6.1171e-06 1.38463e-05 3.45001e-05 8.35637e-05 0.000193029 0.000424444 0.000888932 0.00177479 0.00338085 0.00614976 0.0106897 0.0177686 0.0282616 0.0430389 0.0627905 0.0878057 0.117751 0.151505 0.187113 0.22191 0.252829 0.276835 0.291423 0.295049 0.287401
0.291225 0.278418 0.256312 0.227292 0.194216 0.159958 0.127023 0.0972845 0.0718813 0.051253 0.0352749 0.0234402 0.0150419 0.00932322 0.00558245 0.00322946 0.00180516 0.000974994 0.000508844 0.000256594 0.000125017 5.88642e-05 2.68564e-05 1.21134e-05 6.12825e-06 5.38067e-06 9.98171e-06 2.41732e-05 5.90319e-05 0.000138296 0.000308736 0.000656688 0.00133186 0.00257782 0.00476531 0.00841974 0.0142291 0.0230151 0.0356503 0.0529147 0.0752981 0.102779 0.134628 0.169309 0.204512 0.237369 0.264832 0.284129 0.293236 0.291225
0.29223 0.284821 0.267365 0.241802 0.210754 0.177087 0.14349 0.112154 0.0845829 0.0615671 0.0432639 0.0293576 0.0192411 0.0121825 0.00745283 0.00440595 0.00251731 0.00139008 0.000741919 0.000382719 0.000190805 9.19404e-05 4.28603e-05 1.94849e-05 9.12081e-06 5.75446e-06 7.68119e-06 1.70775e-05 4.16026e-05 9.8664e-05 0.000223516 0.000482712 0.000994274 0.00195484 0.00367157 0.00659253 0.0113244 0.0186221 0.0293327 0.0442825 0.0641064 0.0890383 0.118703 0.151969 0.18691 0.220941 0.251101 0.27448 0.288682 0.29223
0.290456 0.288526 0.276093 0.254583 0.226278 0.19392 0.160289 0.127822 0.0983683 0.073075 0.0524155 0.0363108 0.0242993 0.0157118 0.00981769 0.00592939 0.00346163 0.00195369 0.001066 0.000562319 0.000286762 0.000141373 6.74004e-05 3.11726e-05 1.43029e-05 7.43764e-06 6.71782e-06 1.23793e-05 2.934e-05 7.01333e-05 0.00016109 0.000353114 0.000738493 0.00147456 0.0028132 0.00513205 0.00895848 0.0149733 0.0239774 0.0368076 0.0541944 0.0765723 0.103871 0.135336 0.16944 0.203925 0.236021 0.26279 0.281581 0.290456
0.286019 0.289491 0.282309 0.265338 0.24043 0.210099 0.177105 0.144055 0.113095 0.0857217 0.0627453 0.0443632 0.030305 0.0200056 0.0127647 0.00787354 0.00469551 0.00270766 0.00150985 0.000814159 0.000424541 0.000214068 0.000104387 4.92865e-05 2.27377e-05 1.08702e-05 7.07773e-06 9.54857e-06 2.08597e-05 4.97366e-05 0.000115612 0.000257102 0.000545804 0.00110653 0.00214388 0.00397262 0.00704526 0.0119659 0.0194753 0.0303925 0.045501 0.0653834 0.0902216 0.119603 0.152388 0.186682 0.219973 0.249406 0.272186 0.286019
0.279102 0.287755 0.2859 0.273824 0.252884 0.225265 0.193602 0.16058 0.128575 0.0994084 0.0742335 0.0535542 0.0373341 0.0251553 0.0163851 0.0103191 0.00628453 0.00370159 0.00210875 0.001162 0.00061935 0.000319304 0.000159227 7.68366e-05 3.60121e-05 1.6804e-05 8.97399e-06 8.31315e-06 1.52041e-05 3.52982e-05 8.26742e-05 0.000186357 0.000401453 0.000826165 0.0016252 0.00305825 0.00550894 0.00950557 0.0157206 0.0249339 0.0379467 0.0554422 0.0778025 0.104913 0.135996 0.169535 0.203328 0.234689 0.260796 0.279102
0.269949 0.283429 0.286828 0.279862 0.263354 0.239075 0.209433 0.177091 0.144578 0.113992 0.086821 0.0638938 0.0454442 0.0312447 0.0207702 0.0133521 0.00830183 0.00499306 0.00290517 0.00163538 0.000890676 0.000469327 0.000239266 0.000118032 5.64243e-05 2.6408e-05 1.2889e-05 8.64357e-06 1.17586e-05 2.52511e-05 5.89862e-05 0.000134516 0.000293905 0.000613809 0.00122568 0.00234173 0.0042836 0.00750726 0.0126131 0.0203273 0.0314403 0.0466945 0.0666223 0.0913575 0.120454 0.152765 0.186431 0.219008 0.247742 0.269949
0.258846 0.276689 0.285128 0.283345 0.271608 0.251214 0.224254 0.193262 0.160834 0.129285 0.100406 0.0753574 0.054669 0.0383444 0.0260075 0.0170612 0.010827 0.00664744 0.00394911 0.00227027 0.00126303 0.000680001 0.000354296 0.000178649 8.72281e-05 4.14162e-05 1.96485e-05 1.07663e-05 1.02011e-05 1.85049e-05 4.21187e-05 9.67509e-05 0.00021421 0.000453857 0.000919746 0.00178371 0.00331266 0.00589543 0.0100602 0.0164702 0.0258838 0.0390674 0.0566584 0.0789899 0.105906 0.13661 0.169598 0.20272 0.233375 0.258846
