StepX 0.408163 Xmax 20 StepT 0.412245
0.00128096 -0.00262033 0.251122 0.488438 0.693806 0.853791 0.95793 0.99941 0.975518 0.887818 0.742045 0.547735 0.317597 0.0666856 -0.188588 -0.431526 -0.646238 -0.818679 -0.937571 -0.995135 -0.987607 -0.91548 -0.783471 -0.600215 -0.377698 -0.130477 0.125279 0.372841 0.596015 0.780204 0.913359 0.986771 0.995638 0.93938 0.821678 0.650228 0.436247 0.193732 -0.061456 -0.312624 -0.543343 -0.738522 -0.885394 -0.974352 -0.999578 -0.95942 -0.856507 -0.69757 -0.493004 -0.257472
-0.261386 0.00262107 -0.00524071 0.248587 0.486155 0.691924 0.852433 0.957185 0.999327 0.976102 0.889031 0.743807 0.549932 0.320084 0.0693007 -0.186016 -0.429166 -0.644243 -0.817181 -0.936666 -0.994884 -0.988026 -0.916542 -0.785105 -0.602315 -0.380128 -0.133076 0.12268 0.370413 0.593916 0.77857 0.912299 0.986354 0.995891 0.940286 0.823177 0.652224 0.438609 0.196304 -0.0588411 -0.310137 -0.541148 -0.736761 -0.884182 -0.97377 -0.999662 -0.960167 -0.857866 -0.699459 -0.495242
-0.497429 -0.265399 0.00402121 -0.0078611 0.246051 0.483869 0.690037 0.851069 0.956433 0.999236 0.976679 0.890237 0.745564 0.552124 0.322569 0.0719153 -0.183443 -0.426802 -0.642244 -0.815676 -0.935755 -0.994626 -0.988438 -0.917597 -0.786734 -0.604411 -0.382554 -0.135674 0.120081 0.367982 0.591812 0.776932 0.911232 0.985929 0.996136 0.941185 0.824671 0.654215 0.440967 0.198875 -0.0562257 -0.307648 -0.538948 -0.734994 -0.882965 -0.973181 -0.99974 -0.960906 -0.859219 -0.701352
-0.703249 -0.49956 -0.269514 0.00548229 -0.0104815 0.243513 0.481579 0.688146 0.8497 0.955675 0.999139 0.97725 0.891438 0.747316 0.554313 0.325052 0.0745294 -0.180869 -0.424435 -0.64024 -0.814167 -0.934838 -0.994361 -0.988844 -0.918645 -0.788358 -0.606504 -0.384978 -0.138271 0.11748 0.365548 0.589704 0.775288 0.91016 0.985498 0.996375 0.942078 0.82616 0.656202 0.443322 0.201444 -0.0536098 -0.305157 -0.536745 -0.733223 -0.881741 -0.972585 -0.999811 -0.96164 -0.860565
-0.861904 -0.705153 -0.501634 -0.273733 0.00700521 -0.0131019 0.240973 0.479286 0.686249 0.848324 0.95491 0.999035 0.977813 0.892632 0.749063 0.556499 0.327533 0.0771432 -0.178293 -0.422066 -0.638232 -0.812651 -0.933915 -0.99409 -0.989242 -0.919688 -0.789976 -0.608592 -0.387399 -0.140867 0.114879 0.363111 0.587592 0.773638 0.909081 0.98506 0.996607 0.942964 0.827643 0.658185 0.445674 0.204013 -0.0509936 -0.302664 -0.534538 -0.731447 -0.880512 -0.971983 -0.999875 -0.962366
-0.963087 -0.863235 -0.707065 -0.503646 -0.27806 0.0085909 -0.0157222 0.238432 0.47699 0.684348 0.846943 0.954139 0.998925 0.97837 0.89382 0.750805 0.55868 0.330011 0.0797564 -0.175715 -0.419693 -0.636219 -0.81113 -0.932984 -0.993812 -0.989634 -0.920724 -0.791589 -0.610676 -0.389818 -0.143463 0.112277 0.360673 0.585476 0.771984 0.907996 0.984616 0.996831 0.943844 0.82912 0.660162 0.448023 0.206579 -0.0483769 -0.300169 -0.532327 -0.729665 -0.879276 -0.971373 -0.999932
-0.999983 -0.963801 -0.864559 -0.708987 -0.505593 -0.282496 0.0102403 -0.0183425 0.235889 0.47469 0.682443 0.845556 0.953361 0.998807 0.97892 0.895002 0.752542 0.560858 0.332487 0.0823692 -0.173137 -0.417318 -0.634202 -0.809603 -0.932048 -0.993527 -0.990019 -0.921754 -0.793196 -0.612755 -0.392234 -0.146057 0.109673 0.358231 0.583356 0.770324 0.906904 0.984164 0.99705 0.944717 0.830591 0.662136 0.45037 0.209145 -0.0457598 -0.297671 -0.530113 -0.727879 -0.878034 -0.970757
-0.970135 -1.00003 -0.964509 -0.865873 -0.710921 -0.507472 -0.287046 0.0119543 -0.0209628 0.233344 0.472387 0.680532 0.844163 0.952577 0.998682 0.979464 0.896178 0.754273 0.563032 0.334961 0.0849814 -0.170557 -0.41494 -0.632181 -0.808071 -0.931105 -0.993235 -0.990397 -0.922777 -0.794798 -0.614831 -0.394648 -0.148651 0.10707 0.355787 0.581232 0.768658 0.905806 0.983706 0.997261 0.945584 0.832057 0.664105 0.452713 0.211709 -0.0431424 -0.295172 -0.527895 -0.726087 -0.876786
-0.875532 -0.969506 -1.00006 -0.965211 -0.867177 -0.71287 -0.50928 -0.291713 0.013734 -0.0235829 0.230797 0.470081 0.678617 0.842764 0.951786 0.998551 0.980001 0.897348 0.756 0.565202 0.337433 0.0875932 -0.167977 -0.412558 -0.630155 -0.806533 -0.930156 -0.992936 -0.990769 -0.923795 -0.796395 -0.616903 -0.397059 -0.151243 0.104465 0.353341 0.579104 0.766987 0.904703 0.983241 0.997465 0.946445 0.833517 0.666069 0.455053 0.214272 -0.0405246 -0.29267 -0.525673 -0.72429
-0.722489 -0.874272 -0.96887 -1.00009 -0.965907 -0.868471 -0.714835 -0.511012 -0.296498 0.0155802 -0.026203 0.228249 0.467772 0.676697 0.841359 0.950988 0.998413 0.980531 0.898512 0.757721 0.567368 0.339902 0.0902043 -0.165394 -0.410174 -0.628125 -0.804989 -0.9292 -0.99263 -0.991133 -0.924806 -0.797986 -0.61897 -0.399467 -0.153835 0.101859 0.350892 0.576972 0.765311 0.903592 0.982769 0.997663 0.947299 0.834972 0.668029 0.45739 0.216833 -0.0379065 -0.290167 -0.523448
-0.521219 -0.720682 -0.873006 -0.968227 -1.00011 -0.966598 -0.869754 -0.71682 -0.512664 -0.301406 0.017494 -0.0288229 0.2257 0.465459 0.674773 0.839949 0.950184 0.998268 0.981054 0.89967 0.759437 0.56953 0.34237 0.0928149 -0.162811 -0.407787 -0.62609 -0.80344 -0.928237 -0.992318 -0.991491 -0.92581 -0.799571 -0.621033 -0.401872 -0.156426 0.0992531 0.34844 0.574836 0.76363 0.902476 0.982291 0.997854 0.948146 0.83642 0.669984 0.459724 0.219393 -0.035288 -0.287661
-0.285153 -0.518986 -0.718871 -0.871734 -0.967578 -1.00013 -0.967283 -0.871025 -0.718825 -0.514233 -0.306439 0.0194764 -0.0314427 0.223148 0.463143 0.672843 0.838533 0.949374 0.998116 0.981571 0.900821 0.761148 0.571689 0.344835 0.095425 -0.160227 -0.405398 -0.624052 -0.801886 -0.927269 -0.991999 -0.991842 -0.926808 -0.801152 -0.623092 -0.404275 -0.159015 0.0966462 0.345987 0.572695 0.761944 0.901353 0.981806 0.998037 0.948987 0.837864 0.671935 0.462055 0.221952 -0.0326693
-0.0300503 -0.282643 -0.51675 -0.717054 -0.870456 -0.966922 -1.00014 -0.967963 -0.872282 -0.720855 -0.515715 -0.311601 0.0215285 -0.0340623 0.220595 0.460824 0.670909 0.837111 0.948557 0.997957 0.982081 0.901966 0.762854 0.573843 0.347297 0.0980344 -0.157641 -0.403005 -0.622008 -0.800326 -0.926294 -0.991673 -0.992186 -0.9278 -0.802726 -0.625146 -0.406675 -0.161604 0.0940385 0.34353 0.570551 0.760252 0.900225 0.981314 0.998214 0.949821 0.839301 0.673881 0.464382 0.224509
0.227064 -0.027431 -0.280132 -0.51451 -0.715232 -0.869172 -0.96626 -1.00014 -0.968638 -0.873525 -0.722912 -0.517104 -0.316896 0.0236511 -0.0366817 0.218041 0.458501 0.668971 0.835683 0.947733 0.997792 0.982584 0.903105 0.764555 0.575994 0.349757 0.100643 -0.155054 -0.400609 -0.619961 -0.79876 -0.925313 -0.99134 -0.992524 -0.928786 -0.804296 -0.627197 -0.409073 -0.164191 0.0914301 0.341072 0.568403 0.758555 0.899089 0.980815 0.998385 0.950649 0.840732 0.675823 0.466707
0.469028 0.229618 -0.0248115 -0.277618 -0.512266 -0.713406 -0.867882 -0.965591 -1.00013 -0.969309 -0.874753 -0.724998 -0.518398 -0.322326 0.0258455 -0.039301 0.215485 0.456175 0.667028 0.834249 0.946903 0.997619 0.983081 0.904238 0.76625 0.578141 0.352215 0.103251 -0.152466 -0.398211 -0.617909 -0.797189 -0.924325 -0.991 -0.992854 -0.929765 -0.80586 -0.629243 -0.411467 -0.166778 0.088821 0.338611 0.566251 0.756852 0.897948 0.980309 0.998548 0.951471 0.842158 0.67776
0.679692 0.471347 0.232171 -0.0221917 -0.275102 -0.510019 -0.711575 -0.866586 -0.964915 -1.00012 -0.969976 -0.875963 -0.727117 -0.51959 -0.327895 0.0281126 -0.04192 0.212927 0.453847 0.66508 0.83281 0.946066 0.99744 0.98357 0.905365 0.76794 0.580284 0.354671 0.105859 -0.149878 -0.39581 -0.615853 -0.795612 -0.923331 -0.990653 -0.993178 -0.930738 -0.807418 -0.631285 -0.413859 -0.169363 0.0862112 0.336147 0.564095 0.755145 0.896801 0.979797 0.998704 0.952286 0.843578
0.844993 0.68162 0.473662 0.234722 -0.0195717 -0.272584 -0.507768 -0.709738 -0.865284 -0.964233 -1.0001 -0.970639 -0.877155 -0.729272 -0.520677 -0.333606 0.0304535 -0.0445388 0.210368 0.451515 0.663128 0.831365 0.945223 0.997254 0.984053 0.906486 0.769625 0.582423 0.357124 0.108466 -0.147287 -0.393406 -0.613792 -0.79403 -0.92233 -0.9903 -0.993495 -0.931705 -0.808971 -0.633322 -0.416248 -0.171947 0.0836009 0.333681 0.561935 0.753432 0.895647 0.979278 0.998854 0.953094
0.953896 0.846401 0.683543 0.475974 0.237271 -0.0169516 -0.270065 -0.505514 -0.707897 -0.863976 -0.963545 -1.00007 -0.971299 -0.878328 -0.731467 -0.521654 -0.339464 0.0328695 -0.0471574 0.207808 0.449179 0.661171 0.829914 0.944373 0.997061 0.984529 0.9076 0.771305 0.584558 0.359575 0.111072 -0.144696 -0.390999 -0.611728 -0.792442 -0.921323 -0.98994 -0.993805 -0.932665 -0.810518 -0.635356 -0.418634 -0.17453 0.0809898 0.331213 0.559771 0.751714 0.894488 0.978753 0.998997
0.999133 0.954691 0.847804 0.685462 0.478282 0.239819 -0.0143312 -0.267543 -0.503257 -0.706051 -0.862661 -0.96285 -1.00003 -0.971957 -0.879478 -0.733705 -0.522516 -0.345472 0.0353614 -0.0497757 0.205245 0.446841 0.659209 0.828458 0.943517 0.996861 0.984999 0.908708 0.772979 0.586689 0.362023 0.113678 -0.142104 -0.38859 -0.609659 -0.790849 -0.92031 -0.989573 -0.994108 -0.933618 -0.81206 -0.637384 -0.421018 -0.177112 0.0783782 0.328743 0.557603 0.749991 0.893322 0.97822
0.977681 0.999262 0.95548 0.849201 0.687375 0.480588 0.242365 -0.0117107 -0.26502 -0.500995 -0.7042 -0.861341 -0.962148 -0.999988 -0.972612 -0.880606 -0.735989 -0.523257 -0.351633 0.0379306 -0.0523937 0.202682 0.4445 0.657243 0.826996 0.942654 0.996654 0.985462 0.90981 0.774648 0.588816 0.364469 0.116282 -0.139511 -0.386178 -0.607586 -0.78925 -0.919291 -0.989199 -0.994405 -0.934566 -0.813596 -0.639409 -0.423398 -0.179693 0.075766 0.32627 0.555432 0.748262 0.892149
0.890971 0.977135 0.999384 0.956263 0.850592 0.689285 0.48289 0.24491 -0.0090901 -0.262495 -0.498731 -0.702344 -0.860015 -0.961441 -0.999936 -0.973266 -0.881708 -0.738324 -0.523873 -0.357952 0.0405781 -0.0550114 0.200117 0.442155 0.655272 0.825528 0.941785 0.99644 0.985918 0.910906 0.776312 0.590939 0.366912 0.118886 -0.136917 -0.383763 -0.605508 -0.787646 -0.918265 -0.988819 -0.994695 -0.935507 -0.815127 -0.641429 -0.425776 -0.182273 0.0731532 0.323795 0.553256 0.746529
0.74479 0.889787 0.976583 0.999499 0.957038 0.851978 0.691189 0.485189 0.247453 -0.00646935 -0.259968 -0.496463 -0.700483 -0.858683 -0.960727 -0.999875 -0.97392 -0.882783 -0.740713 -0.524357 -0.364433 0.0433051 -0.0576287 0.19755 0.439808 0.653297 0.824054 0.940909 0.99622 0.986367 0.911996 0.77797 0.593058 0.369353 0.12149 -0.134321 -0.381346 -0.603427 -0.786037 -0.917233 -0.988432 -0.994977 -0.936441 -0.816652 -0.643445 -0.428151 -0.184851 0.0705398 0.321317 0.551077
0.548894 0.743046 0.888596 0.976023 0.999608 0.957807 0.853357 0.693089 0.487484 0.249994 -0.0038485 -0.257439 -0.494191 -0.698617 -0.857345 -0.960006 -0.999805 -0.974574 -0.883828 -0.743162 -0.524705 -0.371079 0.0461128 -0.0602458 0.194983 0.437457 0.651317 0.822575 0.940027 0.995993 0.986809 0.913079 0.779624 0.595173 0.371792 0.124092 -0.131725 -0.378926 -0.601341 -0.784422 -0.916194 -0.988037 -0.995253 -0.937369 -0.818171 -0.645457 -0.430523 -0.187428 0.0679259 0.318838
0.316356 0.546707 0.741297 0.887399 0.975457 0.999709 0.95857 0.854731 0.694984 0.489777 0.252534 -0.00122757 -0.254908 -0.491916 -0.696747 -0.856001 -0.95928 -0.999727 -0.97523 -0.884842 -0.745674 -0.52491 -0.377895 0.0490024 -0.0628625 0.192413 0.435103 0.649333 0.82109 0.939139 0.995759 0.987245 0.914156 0.781271 0.597284 0.374228 0.126694 -0.129128 -0.376503 -0.599251 -0.782802 -0.915149 -0.987636 -0.995523 -0.938291 -0.819685 -0.647464 -0.432892 -0.190004 0.0653114
0.0626965 0.313872 0.544516 0.739543 0.886197 0.974884 0.999804 0.959326 0.856099 0.696874 0.492066 0.255072 0.00139344 -0.252375 -0.489637 -0.694872 -0.854651 -0.958547 -0.999639 -0.975887 -0.885822 -0.748254 -0.524967 -0.384885 0.0519752 -0.0654788 0.189843 0.432746 0.647344 0.819599 0.938243 0.995518 0.987674 0.915227 0.782914 0.599391 0.376661 0.129295 -0.12653 -0.374078 -0.597157 -0.781176 -0.914098 -0.987229 -0.995785 -0.939206 -0.821194 -0.649467 -0.435258 -0.192579
-0.195152 0.060081 0.311386 0.542322 0.737784 0.884988 0.974305 0.999892 0.960076 0.857461 0.698759 0.494351 0.257608 0.00401448 -0.249841 -0.487356 -0.692992 -0.853295 -0.957809 -0.999541 -0.976548 -0.886765 -0.750907 -0.524869 -0.392052 0.0550322 -0.0680947 0.187271 0.430386 0.645351 0.818102 0.937342 0.99527 0.988096 0.916291 0.784551 0.601494 0.379092 0.131895 -0.123931 -0.371649 -0.595059 -0.779545 -0.913041 -0.986814 -0.996041 -0.940115 -0.822696 -0.651465 -0.437621
-0.439981 -0.197724 0.0574652 0.308897 0.540123 0.736019 0.883773 0.973719 0.999973 0.960819 0.858817 0.70064 0.496634 0.260143 0.00663554 -0.247305 -0.48507 -0.691107 -0.851933 -0.957065 -0.999434 -0.977213 -0.887668 -0.753638 -0.52461 -0.399403 0.0581748 -0.0707102 0.184697 0.428024 0.643353 0.8166 0.936434 0.995015 0.988512 0.917349 0.786183 0.603593 0.381521 0.134494 -0.121331 -0.369219 -0.592956 -0.777908 -0.911977 -0.986393 -0.996289 -0.941018 -0.824193 -0.653459
-0.655448 -0.442338 -0.200295 0.0548488 0.306406 0.537921 0.73425 0.882552 0.973126 1.00005 0.961555 0.860167 0.702516 0.498913 0.262676 0.00925663 -0.244767 -0.482782 -0.689218 -0.850564 -0.956315 -0.999316 -0.977884 -0.888528 -0.756453 -0.524184 -0.40694 0.0614044 -0.0733253 0.182123 0.425658 0.641351 0.815093 0.935519 0.994754 0.98892 0.918401 0.78781 0.605687 0.383946 0.137092 -0.11873 -0.366786 -0.59085 -0.776266 -0.910907 -0.985965 -0.996531 -0.941914 -0.825685
-0.827171 -0.657433 -0.444693 -0.202865 0.052232 0.303914 0.535715 0.732475 0.881325 0.972526 1.00011 0.962285 0.861512 0.704387 0.501188 0.265207 0.0118777 -0.242227 -0.48049 -0.687323 -0.84919 -0.95556 -0.999187 -0.978562 -0.889343 -0.759356 -0.523583 -0.414669 0.0647221 -0.0759399 0.179547 0.423289 0.639344 0.813579 0.934598 0.994485 0.989322 0.919447 0.789431 0.607778 0.38637 0.13969 -0.116128 -0.36435 -0.588739 -0.774619 -0.909831 -0.98553 -0.996766 -0.942803
-0.943686 -0.828651 -0.659414 -0.447044 -0.205433 0.0496148 0.301419 0.533506 0.730696 0.880091 0.97192 1.00017 0.963008 0.86285 0.706254 0.503461 0.267736 0.0144988 -0.239686 -0.478194 -0.685424 -0.847809 -0.954799 -0.999047 -0.979248 -0.890109 -0.762355 -0.522802 -0.422594 0.0681292 -0.0785541 0.17697 0.420917 0.637333 0.81206 0.933671 0.99421 0.989717 0.920487 0.791046 0.609865 0.38879 0.142286 -0.113526 -0.361911 -0.586625 -0.772966 -0.908748 -0.985088 -0.996994
-0.997216 -0.944563 -0.830126 -0.66139 -0.449392 -0.208 0.0469972 0.298921 0.531293 0.728911 0.878852 0.971307 1.00023 0.963724 0.864183 0.708115 0.505729 0.270264 0.0171198 -0.237143 -0.475895 -0.683521 -0.846423 -0.954033 -0.998895 -0.979945 -0.890822 -0.765454 -0.521832 -0.430721 0.0716272 -0.0811678 0.174391 0.418543 0.635318 0.810536 0.932737 0.993928 0.990105 0.92152 0.792657 0.611947 0.391208 0.144882 -0.110922 -0.359471 -0.584506 -0.771308 -0.90766 -0.98464
-0.984185 -0.99743 -0.945433 -0.831594 -0.663361 -0.451737 -0.210565 0.0443792 0.296422 0.529076 0.727121 0.877606 0.970688 1.00028 0.964434 0.86551 0.709972 0.507995 0.272789 0.0197407 -0.234598 -0.473593 -0.681613 -0.84503 -0.953262 -0.99873 -0.980653 -0.891478 -0.76866 -0.520666 -0.439052 0.0752174 -0.083781 0.171811 0.416165 0.633298 0.809006 0.931797 0.993639 0.990487 0.922546 0.794262 0.614025 0.393624 0.147476 -0.108318 -0.357027 -0.582383 -0.769645 -0.906565
-0.905463 -0.983723 -0.997638 -0.946297 -0.833058 -0.665328 -0.45408 -0.213129 0.0417609 0.293921 0.526855 0.725327 0.876355 0.970061 1.00032 0.965138 0.866831 0.711824 0.510257 0.275313 0.0223616 -0.232052 -0.471288 -0.6797 -0.843631 -0.952487 -0.998552 -0.981375 -0.892074 -0.771981 -0.519297 -0.447595 0.078901 -0.0863937 0.16923 0.413784 0.631273 0.80747 0.93085 0.993344 0.990861 0.923567 0.795861 0.616099 0.396037 0.15007 -0.105713 -0.354581 -0.580256 -0.767976
-0.766302 -0.904356 -0.983254 -0.997839 -0.947154 -0.834515 -0.667291 -0.456419 -0.215692 0.0391422 0.291418 0.524631 0.723527 0.875098 0.969428 1.00035 0.965834 0.868146 0.713671 0.512515 0.277836 0.0249824 -0.229504 -0.468979 -0.677782 -0.842225 -0.951707 -0.99836 -0.982112 -0.892606 -0.775421 -0.517717 -0.456354 0.0826796 -0.0890058 0.166648 0.411401 0.629245 0.805929 0.929897 0.993041 0.991229 0.924581 0.797455 0.618169 0.398447 0.152663 -0.103107 -0.352133 -0.578125
-0.575991 -0.764623 -0.903242 -0.982779 -0.998033 -0.948005 -0.835967 -0.669249 -0.458755 -0.218253 0.0365232 0.288912 0.522403 0.721722 0.873834 0.968789 1.00037 0.966525 0.869455 0.715514 0.51477 0.280356 0.0276031 -0.226954 -0.466667 -0.67586 -0.840813 -0.950922 -0.998152 -0.982867 -0.893068 -0.77899 -0.515919 -0.465333 0.0865545 -0.0916174 0.164065 0.409015 0.627212 0.804382 0.928938 0.992732 0.99159 0.925589 0.799044 0.620234 0.400854 0.155255 -0.100501 -0.349682
-0.347229 -0.573852 -0.762938 -0.902122 -0.982296 -0.99822 -0.948849 -0.837413 -0.671202 -0.461088 -0.220813 0.0339038 0.286405 0.520171 0.719912 0.872564 0.968143 1.00039 0.967208 0.870758 0.717351 0.517022 0.282874 0.0302236 -0.224403 -0.464352 -0.673934 -0.839394 -0.950134 -0.997928 -0.983643 -0.893456 -0.782694 -0.513893 -0.474539 0.0905272 -0.0942284 0.16148 0.406626 0.625174 0.80283 0.927972 0.992416 0.991945 0.926591 0.800627 0.622296 0.403259 0.157845 -0.0978935
-0.0952855 -0.344773 -0.571709 -0.761248 -0.900996 -0.981807 -0.9984 -0.949687 -0.838854 -0.673151 -0.463417 -0.223372 0.0312842 0.283895 0.517936 0.718098 0.871289 0.96749 1.00041 0.967885 0.872055 0.719184 0.51927 0.285391 0.032844 -0.22185 -0.462033 -0.672003 -0.837969 -0.949343 -0.997688 -0.984441 -0.893766 -0.78654 -0.511632 -0.483976 0.0945991 -0.0968389 0.158894 0.404234 0.623133 0.801272 0.927 0.992093 0.992292 0.927586 0.802205 0.624353 0.405661 0.160435
0.163024 -0.0926767 -0.342315 -0.569562 -0.759553 -0.899863 -0.981312 -0.998573 -0.950518 -0.840288 -0.675095 -0.465744 -0.225928 0.0286643 0.281384 0.515697 0.716278 0.870007 0.96683 1.00041 0.968555 0.873346 0.721011 0.521514 0.287905 0.0354642 -0.219296 -0.459711 -0.670067 -0.836537 -0.948548 -0.997429 -0.985264 -0.893991 -0.790538 -0.509126 -0.49365 0.0987717 -0.0994487 0.156307 0.401839 0.621086 0.799708 0.926021 0.991763 0.992633 0.928575 0.803777 0.626406 0.40806
0.410457 0.165612 -0.0900673 -0.339854 -0.567411 -0.757853 -0.898725 -0.980809 -0.99874 -0.951343 -0.841717 -0.677035 -0.468068 -0.228484 0.0260442 0.27887 0.513455 0.714453 0.86872 0.966164 1.00041 0.969219 0.874631 0.722834 0.523755 0.290418 0.0380842 -0.21674 -0.457386 -0.668128 -0.835098 -0.947751 -0.997152 -0.986115 -0.894127 -0.794695 -0.506367 -0.503567 0.103046 -0.102058 0.153719 0.399441 0.619036 0.798139 0.925036 0.991426 0.992967 0.929557 0.805344 0.628455
0.630499 0.41285 0.168198 -0.0874572 -0.337391 -0.565256 -0.756147 -0.89758 -0.9803 -0.9989 -0.952161 -0.84314 -0.67897 -0.470388 -0.231038 0.0234238 0.276355 0.511209 0.712624 0.867426 0.965491 1.0004 0.969876 0.87591 0.724652 0.525993 0.292929 0.0407041 -0.214182 -0.455058 -0.666184 -0.833652 -0.946952 -0.996853 -0.986997 -0.894167 -0.79902 -0.503346 -0.513732 0.107425 -0.104666 0.15113 0.397041 0.616981 0.796565 0.924045 0.991083 0.993294 0.930533 0.806905
0.808461 0.632539 0.415241 0.170784 -0.0848464 -0.334926 -0.563098 -0.754437 -0.896429 -0.979784 -0.999053 -0.952973 -0.844558 -0.6809 -0.472705 -0.23359 0.0208032 0.273837 0.508959 0.710789 0.866126 0.964811 1.00039 0.970526 0.877183 0.726464 0.528227 0.295438 0.0433237 -0.211623 -0.452726 -0.664236 -0.832199 -0.946151 -0.996533 -0.987914 -0.894106 -0.803523 -0.500053 -0.524152 0.111909 -0.107274 0.14854 0.394637 0.614922 0.794985 0.923047 0.990733 0.993614 0.931503
0.932466 0.810012 0.634575 0.417629 0.173368 -0.082235 -0.332458 -0.560935 -0.752721 -0.895272 -0.979262 -0.999199 -0.953778 -0.845969 -0.682826 -0.475019 -0.236141 0.0181824 0.271318 0.506706 0.70895 0.864821 0.964125 1.00036 0.97117 0.878451 0.728272 0.530457 0.297944 0.0459431 -0.209063 -0.450391 -0.662283 -0.830738 -0.94535 -0.996189 -0.988868 -0.893937 -0.808212 -0.496478 -0.534832 0.116499 -0.109882 0.145949 0.392232 0.612859 0.793399 0.922043 0.990376 0.993927
0.994234 0.933423 0.811556 0.636606 0.420015 0.175951 -0.0796229 -0.329988 -0.558769 -0.750999 -0.894109 -0.978732 -0.999338 -0.954576 -0.847375 -0.684747 -0.47733 -0.23869 0.0155614 0.268797 0.504449 0.707105 0.863509 0.963432 1.00034 0.971807 0.879712 0.730075 0.532684 0.300449 0.0485622 -0.206501 -0.448053 -0.660327 -0.82927 -0.944548 -0.995819 -0.989864 -0.893653 -0.813097 -0.492612 -0.545777 0.121198 -0.112488 0.143356 0.389823 0.610792 0.791808 0.921032 0.990012
0.989641 0.994534 0.934374 0.813095 0.638634 0.422397 0.178533 -0.0770103 -0.327515 -0.556598 -0.749273 -0.892939 -0.978196 -0.99947 -0.955368 -0.848775 -0.686664 -0.479638 -0.241238 0.0129403 0.266274 0.502189 0.705256 0.862192 0.962733 1.0003 0.972437 0.880967 0.731873 0.534907 0.302952 0.051181 -0.203938 -0.445711 -0.658366 -0.827794 -0.943746 -0.995423 -0.990905 -0.893247 -0.818189 -0.488443 -0.556995 0.126007 -0.115094 0.140763 0.387411 0.60872 0.790212 0.920015
0.918992 0.989264 0.994827 0.935318 0.814629 0.640656 0.424777 0.181114 -0.074397 -0.325041 -0.554424 -0.747541 -0.891763 -0.977653 -0.999596 -0.956154 -0.85017 -0.688576 -0.481942 -0.243784 0.010319 0.263749 0.499926 0.703402 0.860869 0.962027 1.00026 0.973061 0.882216 0.733666 0.537126 0.305453 0.0537996 -0.201373 -0.443366 -0.656402 -0.82631 -0.942945 -0.994998 -0.991996 -0.892711 -0.823497 -0.483963 -0.568492 0.130928 -0.117699 0.138168 0.384997 0.606644 0.78861
0.787002 0.917963 0.98888 0.995113 0.936256 0.816157 0.642675 0.427154 0.183694 -0.0717832 -0.322564 -0.552246 -0.745805 -0.890581 -0.977104 -0.999714 -0.956933 -0.851558 -0.690483 -0.484243 -0.246328 0.00769757 0.261222 0.497659 0.701543 0.859539 0.961314 1.00021 0.973678 0.883459 0.735454 0.539342 0.307952 0.0564179 -0.198807 -0.441018 -0.654434 -0.824817 -0.942147 -0.994542 -0.993141 -0.892038 -0.829034 -0.479158 -0.580274 0.135962 -0.120303 0.135573 0.38258 0.604564
0.60248 0.785389 0.916927 0.988489 0.995392 0.937187 0.81768 0.644689 0.429528 0.186272 -0.0691689 -0.320084 -0.550064 -0.744063 -0.889393 -0.976547 -0.999826 -0.957705 -0.852941 -0.692385 -0.486541 -0.248871 0.00507606 0.258693 0.495388 0.699679 0.858204 0.960595 1.00015 0.974288 0.884696 0.737237 0.541554 0.310448 0.0590359 -0.196239 -0.438667 -0.652462 -0.823316 -0.941351 -0.994052 -0.994344 -0.891219 -0.834811 -0.47402 -0.592347 0.141111 -0.122907 0.132977 0.380161
0.377739 0.600391 0.783771 0.915885 0.988091 0.995664 0.938112 0.819197 0.646699 0.431899 0.188849 -0.066554 -0.317603 -0.547878 -0.742316 -0.888199 -0.975984 -0.999931 -0.958471 -0.854317 -0.694283 -0.488835 -0.251412 0.00245444 0.256162 0.493114 0.69781 0.856863 0.959869 1.00009 0.974892 0.885927 0.739015 0.543763 0.312943 0.0616535 -0.19367 -0.436312 -0.650487 -0.821806 -0.940559 -0.993527 -0.995611 -0.890246 -0.840838 -0.468535 -0.604719 0.146377 -0.12551 0.130379
0.127781 0.375314 0.598298 0.782148 0.914836 0.987686 0.99593 0.939031 0.820708 0.648704 0.434267 0.191425 -0.0639386 -0.315119 -0.545689 -0.740563 -0.886999 -0.975414 -1.00003 -0.959231 -0.855689 -0.696176 -0.491126 -0.253952 -0.000167263 0.25363 0.490836 0.695937 0.855516 0.959136 1.00002 0.975489 0.887152 0.740788 0.545968 0.315436 0.0642708 -0.1911 -0.433954 -0.648508 -0.820286 -0.939773 -0.992964 -0.996948 -0.88911 -0.847129 -0.462692 -0.617396 0.151761 -0.128112
