StepX 0.408163 Xmax 20 StepT 0.244898
-0.0304386 0.103453 0.352332 0.578164 0.766179 0.904078 0.98284 0.997315 0.946556 0.833881 0.666663 0.455837 0.215196 -0.0395219 -0.291654 -0.52471 -0.723444 -0.874857 -0.969046 -0.999849 -0.965252 -0.867517 -0.713038 -0.511918 -0.277315 -0.0245718 0.229779 0.469099 0.677736 0.842041 0.951269 0.998274 0.979981 0.897588 0.756483 0.565896 0.338294 0.0885639 -0.166959 -0.411561 -0.629243 -0.805766 -0.929583 -0.992597 -0.990684 -0.92397 -0.796819 -0.617548 -0.397883 -0.121754
-0.090337 0.00931952 0.20577 0.447203 0.659384 0.828435 0.943297 0.996459 0.984441 0.908031 0.772227 0.585911 0.36127 0.112999 -0.142664 -0.388995 -0.609882 -0.790876 -0.920139 -0.989215 -0.993586 -0.932967 -0.811322 -0.636608 -0.420254 -0.17641 0.0789721 0.329189 0.557874 0.750067 0.893199 0.977907 0.998649 0.954069 0.847084 0.68469 0.47751 0.239097 -0.0149557 -0.26803 -0.503573 -0.706177 -0.862589 -0.96258 -0.999607 -0.971251 -0.879364 -0.729958 -0.536458 -0.265254
-0.186256 -0.0620897 0.0825017 0.305853 0.537251 0.733507 0.881784 0.972383 0.999379 0.961004 0.859771 0.702299 0.49889 0.262848 0.00961365 -0.24425 -0.482137 -0.688487 -0.849803 -0.955534 -0.998762 -0.976662 -0.890677 -0.746433 -0.553365 -0.324101 -0.0736376 0.181643 0.425042 0.640639 0.814331 0.934758 0.994042 0.988306 0.917924 0.7875 0.605566 0.384022 0.137359 -0.118289 -0.3662 -0.590157 -0.775512 -0.910141 -0.985237 -0.995888 -0.941398 -0.824893 -0.661882 -0.416422
-0.311636 -0.13904 -0.0137043 0.170877 0.402629 0.621511 0.799739 0.925656 0.991026 0.991572 0.92726 0.802295 0.624851 0.406536 0.16163 -0.0938489 -0.343189 -0.570081 -0.759684 -0.899596 -0.980665 -0.997588 -0.949259 -0.838839 -0.673549 -0.464203 -0.224494 0.0299003 0.282339 0.516309 0.716507 0.869839 0.966274 0.999505 0.967358 0.871936 0.71948 0.519963 0.286435 0.0341709 -0.220328 -0.460415 -0.670386 -0.836508 -0.947913 -0.997314 -0.981534 -0.900377 -0.769583 -0.561863
-0.452456 -0.236926 -0.0960154 0.0544675 0.265122 0.49506 0.699079 0.857372 0.959583 0.999027 0.973125 0.883571 0.736222 0.540716 0.309843 0.0587017 -0.196279 -0.438421 -0.651885 -0.82271 -0.939721 -0.995264 -0.985707 -0.911675 -0.77801 -0.593455 -0.370082 -0.122501 0.133092 0.37998 0.602012 0.784668 0.915998 0.987412 0.994239 0.936033 0.816601 0.643754 0.4288 0.185797 -0.0693581 -0.319977 -0.549666 -0.743401 -0.88851 -0.975495 -0.998848 -0.955028 -0.85729 -0.691596
-0.593107 -0.35729 -0.181711 -0.0430428 0.136415 0.360208 0.582155 0.769126 0.905788 0.983202 0.996305 0.944239 0.83041 0.662264 0.450799 0.209847 -0.0448311 -0.296577 -0.528923 -0.726673 -0.87689 -0.96975 -0.999179 -0.96325 -0.864316 -0.708846 -0.50701 -0.272011 -0.0192195 0.234829 0.473518 0.681233 0.844389 0.952314 0.997947 0.978304 0.89467 0.752515 0.561138 0.333057 0.0831908 -0.172117 -0.416167 -0.632995 -0.808419 -0.93094 -0.992897 -0.98779 -0.924087 -0.799826
-0.72063 -0.491551 -0.282629 -0.131138 0.0234204 0.226154 0.453184 0.662981 0.830901 0.944471 0.996264 0.98289 0.905225 0.76835 0.581216 0.356065 0.107624 -0.147857 -0.393667 -0.613727 -0.793643 -0.921646 -0.989365 -0.992368 -0.930461 -0.807692 -0.632091 -0.415146 -0.171045 0.0842433 0.334022 0.561951 0.753124 0.895034 0.9784 0.997769 0.951873 0.843715 0.680369 0.47252 0.233764 -0.0202834 -0.273004 -0.507867 -0.709513 -0.864695 -0.96377 -0.997885 -0.969576 -0.884278
-0.82667 -0.62658 -0.401091 -0.222401 -0.0750958 0.101598 0.319034 0.542128 0.73667 0.883742 0.973008 0.998629 0.95893 0.856506 0.698059 0.493951 0.257533 0.00427088 -0.249271 -0.486508 -0.691923 -0.852078 -0.956499 -0.998355 -0.974909 -0.887693 -0.742413 -0.548572 -0.318848 -0.0682686 0.186776 0.429604 0.644332 0.816913 0.93606 0.993979 0.986882 0.915232 0.783717 0.600938 0.378852 0.131986 -0.123514 -0.370935 -0.594101 -0.778319 -0.912121 -0.984907 -0.9934 -0.944859
-0.907411 -0.749682 -0.530768 -0.325849 -0.167006 -0.00930729 0.187893 0.411698 0.625641 0.802436 0.927086 0.991095 0.990276 0.924683 0.798606 0.620293 0.401405 0.156262 -0.0991025 -0.347985 -0.574105 -0.762673 -0.901354 -0.981078 -0.996629 -0.94699 -0.835408 -0.669182 -0.459185 -0.219152 0.0352155 0.28728 0.520553 0.719776 0.871919 0.96703 0.998886 0.965406 0.868778 0.715322 0.515078 0.281142 0.028816 -0.225393 -0.464875 -0.673838 -0.839161 -0.948951 -0.995149 -0.982341
-0.962305 -0.851662 -0.660437 -0.443271 -0.262174 -0.108667 0.0663806 0.278598 0.501733 0.702617 0.859573 0.960469 0.99854 0.971297 0.880521 0.73215 0.535888 0.304575 0.0533383 -0.201387 -0.442939 -0.655519 -0.825221 -0.940945 -0.995121 -0.984206 -0.908915 -0.774171 -0.588788 -0.364892 -0.117129 0.138296 0.384675 0.605892 0.787477 0.917554 0.987613 0.993072 0.933574 0.81301 0.639267 0.42371 0.180437 -0.0746349 -0.324848 -0.553697 -0.746632 -0.890708 -0.97451 -0.99748
-0.992467 -0.927718 -0.778285 -0.569242 -0.367521 -0.203356 -0.0431082 0.149958 0.370522 0.587358 0.772126 0.90747 0.983535 0.995267 0.941898 0.826919 0.657852 0.445754 0.204499 -0.0501324 -0.301484 -0.533116 -0.729877 -0.878896 -0.970426 -0.99848 -0.961224 -0.861094 -0.704639 -0.502094 -0.266706 -0.0138733 0.239867 0.477917 0.684707 0.84671 0.953329 0.997591 0.9766 0.89173 0.748531 0.55637 0.327817 0.0778254 -0.177284 -0.420697 -0.636734 -0.811495 -0.931529 -0.990676
-0.999377 -0.976729 -0.875098 -0.693789 -0.484047 -0.301385 -0.143195 0.0308183 0.238631 0.461105 0.667196 0.833377 0.945616 0.99604 0.981312 0.902397 0.764456 0.576511 0.350857 0.102253 -0.15304 -0.398322 -0.617549 -0.796383 -0.923125 -0.989485 -0.991123 -0.927931 -0.804043 -0.627562 -0.410032 -0.165682 0.0895056 0.338839 0.566008 0.756154 0.896841 0.978865 0.99686 0.949652 0.840326 0.676034 0.467521 0.228434 -0.0256218 -0.277935 -0.512065 -0.713206 -0.866815 -0.96207
-0.984187 -0.999796 -0.945638 -0.805986 -0.606643 -0.408046 -0.240008 -0.0776456 0.112184 0.329586 0.54833 0.740142 0.885691 0.973604 0.997851 0.956829 0.853221 0.693803 0.489003 0.252218 -0.00106546 -0.254279 -0.49086 -0.695334 -0.854326 -0.957436 -0.99792 -0.97313 -0.884687 -0.738376 -0.543768 -0.313593 -0.0629043 0.191898 0.434149 0.648002 0.819468 0.937334 0.993887 0.985431 0.912517 0.779915 0.596298 0.373683 0.126603 -0.128729 -0.375546 -0.598225 -0.781652 -0.911871
-0.947603 -0.998803 -0.988392 -0.89694 -0.72616 -0.523537 -0.340149 -0.178359 -0.00502244 0.198984 0.420316 0.630606 0.805278 0.928496 0.991135 0.988953 0.922083 0.7949 0.615722 0.396269 0.150896 -0.104347 -0.352764 -0.578107 -0.765636 -0.903085 -0.981462 -0.995642 -0.944696 -0.831958 -0.664801 -0.45416 -0.213811 0.040523 0.292206 0.524776 0.723021 0.873972 0.967756 0.99824 0.963428 0.865598 0.711148 0.510188 0.275841 0.0234484 -0.230352 -0.469328 -0.677981 -0.840688
-0.890139 -0.975476 -1.00436 -0.961331 -0.832449 -0.642802 -0.44759 -0.276819 -0.112705 0.074501 0.288842 0.508706 0.706649 0.861834 0.96133 0.998025 0.969443 0.877449 0.728061 0.531051 0.299304 0.0479799 -0.206483 -0.447439 -0.659129 -0.827704 -0.94214 -0.994949 -0.982679 -0.906131 -0.770314 -0.584109 -0.359698 -0.111759 0.14349 0.389353 0.609749 0.790261 0.919082 0.987785 0.991877 0.931091 0.809399 0.63477 0.418615 0.175053 -0.0798507 -0.329581 -0.558302 -0.749758
-0.812516 -0.931048 -0.995661 -0.997452 -0.91707 -0.757258 -0.561785 -0.378483 -0.213944 -0.0410786 0.159574 0.379418 0.593014 0.775406 0.909169 0.983841 0.994201 0.939533 0.823409 0.653426 0.440702 0.199151 -0.0554259 -0.306377 -0.537289 -0.733056 -0.880874 -0.971073 -0.997754 -0.959172 -0.857851 -0.700417 -0.497168 -0.2614 -0.00853332 0.244891 0.482298 0.688157 0.849003 0.954316 0.997207 0.974871 0.888767 0.744531 0.551597 0.322551 0.0724707 -0.182264 -0.425541 -0.641014
-0.715971 -0.866399 -0.964432 -1.00624 -0.974831 -0.857424 -0.677608 -0.486212 -0.313667 -0.148132 0.0368797 0.248262 0.468601 0.671806 0.836002 0.946755 0.995789 0.979709 0.899546 0.760544 0.571795 0.345645 0.0968853 -0.158211 -0.402959 -0.621349 -0.799097 -0.924576 -0.989577 -0.98985 -0.925377 -0.800375 -0.62302 -0.404913 -0.16032 0.0947588 0.34364 0.570043 0.75916 0.898619 0.9793 0.995925 0.947405 0.836916 0.671691 0.462503 0.223077 -0.030798 -0.282911 -0.517007
-0.602417 -0.78243 -0.912359 -0.98994 -1.004 -0.935357 -0.786888 -0.598788 -0.416353 -0.24979 -0.077292 0.120357 0.338454 0.554564 0.743898 0.88771 0.974182 0.997046 0.954704 0.849915 0.689533 0.484048 0.246901 -0.0063952 -0.259273 -0.495192 -0.698721 -0.856546 -0.958344 -0.997456 -0.971325 -0.881658 -0.734323 -0.538955 -0.308334 -0.0575449 0.197008 0.438675 0.651648 0.821997 0.938578 0.993767 0.983953 0.909778 0.776102 0.591644 0.368466 0.121316 -0.133806 -0.380765
-0.474423 -0.680432 -0.840684 -0.951015 -1.00549 -0.98612 -0.880725 -0.710968 -0.523909 -0.35044 -0.183809 -0.000685799 0.207834 0.428111 0.63576 0.808303 0.929932 0.991153 0.987603 0.91946 0.791175 0.611138 0.391127 0.145533 -0.109582 -0.357528 -0.582088 -0.768574 -0.904787 -0.981818 -0.994628 -0.942378 -0.828488 -0.660406 -0.449127 -0.20847 0.0458228 0.297118 0.52898 0.72624 0.875997 0.968454 0.997565 0.961423 0.862401 0.706965 0.50525 0.270563 0.0182879 -0.235626
-0.335079 -0.562317 -0.750523 -0.891519 -0.981663 -1.00806 -0.951685 -0.814898 -0.634514 -0.453701 -0.285767 -0.113607 0.0813113 0.29746 0.515384 0.710887 0.864203 0.962193 0.997484 0.967563 0.874356 0.723957 0.526204 0.294032 0.0426268 -0.211566 -0.451921 -0.662715 -0.830161 -0.943306 -0.994749 -0.981125 -0.903325 -0.766439 -0.57942 -0.354501 -0.106393 0.148673 0.394015 0.613584 0.793018 0.920581 0.987929 0.990654 0.928584 0.80578 0.630235 0.413485 0.169849 -0.085092
-0.187817 -0.430658 -0.643265 -0.813024 -0.935226 -1.00216 -0.995161 -0.902202 -0.742796 -0.560643 -0.387034 -0.219634 -0.0381876 0.167558 0.38732 0.598648 0.778853 0.910923 0.984135 0.99311 0.937143 0.819879 0.648986 0.435643 0.193804 -0.0607111 -0.311255 -0.54144 -0.73621 -0.882823 -0.971691 -0.997 -0.957095 -0.854587 -0.696179 -0.492235 -0.256093 -0.00319972 0.249903 0.486659 0.691582 0.851269 0.955275 0.996794 0.973114 0.885791 0.740507 0.546762 0.317388 0.0672784
-0.0362301 -0.288582 -0.520842 -0.716875 -0.868538 -0.970869 -1.00967 -0.965951 -0.841169 -0.66891 -0.490455 -0.32176 -0.149971 0.0424287 0.256475 0.475586 0.676506 0.838744 0.947916 0.995518 0.978079 0.896673 0.756616 0.567068 0.340429 0.0915216 -0.163372 -0.407579 -0.625127 -0.801785 -0.925997 -0.98964 -0.988551 -0.9228 -0.796688 -0.618465 -0.399788 -0.154961 0.100003 0.348425 0.574057 0.762139 0.90037 0.979707 0.994959 0.94514 0.833493 0.667284 0.4575 0.217942
0.116055 -0.139582 -0.385833 -0.60458 -0.78346 -0.917094 -0.996294 -1.00191 -0.921736 -0.773009 -0.596356 -0.423348 -0.255518 -0.0756089 0.127439 0.346302 0.560596 0.747769 0.889801 0.974762 0.996218 0.952555 0.846589 0.685248 0.479085 0.241584 -0.0117182 -0.264254 -0.499505 -0.702083 -0.858738 -0.959223 -0.996964 -0.969494 -0.878609 -0.730254 -0.534132 -0.303073 -0.0521904 0.202107 0.443184 0.655272 0.824499 0.939795 0.993616 0.982451 0.907029 0.772238 0.586944 0.363431
0.265472 0.0126741 -0.241383 -0.478116 -0.681561 -0.843445 -0.957604 -1.00884 -0.978068 -0.865596 -0.701911 -0.526532 -0.357665 -0.186331 0.0037127 0.215533 0.435274 0.640882 0.81143 0.931406 0.991159 0.986229 0.916813 0.787431 0.606543 0.385981 0.140171 -0.114807 -0.362275 -0.586047 -0.771486 -0.906461 -0.982145 -0.993586 -0.940036 -0.824999 -0.655998 -0.444088 -0.20313 0.0511148 0.302016 0.533162 0.729434 0.877994 0.969122 0.996861 0.959406 0.859173 0.702707 0.500402
0.408574 0.164504 -0.0910276 -0.340071 -0.564481 -0.752042 -0.89666 -0.987937 -1.00633 -0.939225 -0.801525 -0.630977 -0.459281 -0.291377 -0.112927 0.0874902 0.305125 0.521724 0.71517 0.866647 0.963069 0.996925 0.965659 0.871241 0.719837 0.521348 0.288757 0.037279 -0.216638 -0.456384 -0.666278 -0.832591 -0.944444 -0.99452 -0.979544 -0.900497 -0.762547 -0.574719 -0.349299 -0.101031 0.153846 0.398659 0.617396 0.79575 0.922052 0.988041 0.989413 0.926061 0.802087 0.6257
0.542083 0.312321 0.0615127 -0.193601 -0.434257 -0.644659 -0.81629 -0.941917 -1.00556 -0.987961 -0.888087 -0.733444 -0.561844 -0.393385 -0.222633 -0.0348261 0.174669 0.394543 0.604139 0.782368 0.912724 0.984426 0.991997 0.93473 0.81633 0.644533 0.430578 0.188459 -0.0659882 -0.316118 -0.545571 -0.739338 -0.884745 -0.97228 -0.996218 -0.954994 -0.851302 -0.691927 -0.487293 -0.250785 0.00212744 0.2549 0.491 0.694984 0.853508 0.956202 0.996356 0.971347 0.882761 0.736421
0.662937 0.452704 0.212514 -0.0422675 -0.293494 -0.52307 -0.718832 -0.873979 -0.977121 -1.00839 -0.954583 -0.828264 -0.664427 -0.494735 -0.327131 -0.150113 0.0477261 0.263852 0.482146 0.681175 0.841549 0.9491 0.995235 0.976426 0.893777 0.75267 0.562331 0.33521 0.0861619 -0.168522 -0.412182 -0.628881 -0.804446 -0.927391 -0.989675 -0.987224 -0.920199 -0.792983 -0.613898 -0.394658 -0.149603 0.105237 0.353194 0.578049 0.765094 0.90209 0.980083 0.993982 0.942843 0.829985
0.768348 0.582438 0.358379 0.110175 -0.145356 -0.389382 -0.606249 -0.787131 -0.92386 -0.999838 -0.995569 -0.908558 -0.763432 -0.5963 -0.428823 -0.258822 -0.0731716 0.133916 0.353481 0.566396 0.751663 0.891939 0.975347 0.995372 0.950382 0.843242 0.680948 0.474114 0.236267 -0.0170343 -0.269221 -0.503798 -0.705421 -0.860903 -0.960073 -0.996444 -0.967637 -0.875537 -0.726168 -0.5293 -0.29781 -0.0468409 0.207192 0.447673 0.658873 0.826973 0.940979 0.993447 0.980933 0.904203
0.855867 0.698562 0.495712 0.259977 0.00658204 -0.246226 -0.480447 -0.6839 -0.849113 -0.963881 -1.00806 -0.967739 -0.853148 -0.696621 -0.529612 -0.3627 -0.187134 0.00816634 0.22254 0.441965 0.645902 0.814598 0.932909 0.991159 0.984834 0.914145 0.78367 0.601936 0.380829 0.134813 -0.120022 -0.367006 -0.589984 -0.774372 -0.908107 -0.982442 -0.992516 -0.937669 -0.821489 -0.651575 -0.439042 -0.19779 0.0563987 0.306899 0.537325 0.732604 0.87996 0.969764 0.996147 0.957336
0.923449 0.79841 0.621368 0.403537 0.158548 -0.0967714 -0.343606 -0.566417 -0.756039 -0.903491 -0.991693 -1.00084 -0.926935 -0.791795 -0.629806 -0.463886 -0.294842 -0.111303 0.0933098 0.312169 0.527769 0.719427 0.869129 0.963958 0.996353 0.963732 0.868106 0.715701 0.516482 0.283481 0.0319367 -0.221696 -0.460828 -0.669817 -0.834994 -0.945552 -0.994262 -0.977938 -0.897645 -0.758638 -0.570008 -0.344094 -0.095672 0.159007 0.403287 0.621187 0.798452 0.923492 0.988141 0.988141
0.969506 0.879674 0.732488 0.537495 0.306781 0.0554023 -0.198388 -0.436713 -0.647326 -0.82213 -0.948258 -1.00532 -0.978628 -0.876101 -0.727471 -0.563813 -0.398008 -0.223955 -0.0311673 0.181244 0.401282 0.609466 0.785893 0.914553 0.984718 0.990865 0.932295 0.812761 0.640068 0.425507 0.183114 -0.0712567 -0.320966 -0.549681 -0.742442 -0.886639 -0.972841 -0.995408 -0.952866 -0.847997 -0.68766 -0.482343 -0.245476 0.00744776 0.259885 0.495323 0.69836 0.855715 0.957109 0.995904
0.992957 0.940455 0.826537 0.658777 0.447689 0.206519 -0.0479697 -0.297044 -0.525255 -0.723089 -0.880869 -0.981133 -1.00374 -0.943149 -0.818452 -0.662265 -0.498481 -0.330635 -0.149195 0.0528822 0.270682 0.488367 0.685769 0.844376 0.950301 0.994943 0.974753 0.890861 0.748708 0.557583 0.329987 0.0808063 -0.17366 -0.416767 -0.632613 -0.80708 -0.928756 -0.989681 -0.985871 -0.917575 -0.78926 -0.60932 -0.389523 -0.144248 0.110462 0.357948 0.58202 0.768018 0.903785 0.98045
0.993254 0.979326 0.901349 0.764632 0.577952 0.352819 0.104074 -0.150103 -0.391974 -0.609195 -0.793102 -0.930293 -1.00016 -0.987198 -0.897049 -0.756889 -0.597239 -0.432974 -0.260535 -0.0702507 0.140016 0.360189 0.571983 0.755534 0.8941 0.975938 0.994511 0.948187 0.839876 0.676635 0.469135 0.230949 -0.0223433 -0.274174 -0.508071 -0.708735 -0.86304 -0.960894 -0.995895 -0.965755 -0.872444 -0.722067 -0.524458 -0.292545 -0.041497 0.212266 0.452146 0.662447 0.829417 0.94215
0.970395 0.995369 0.955184 0.852658 0.694574 0.490732 0.253973 0.000926528 -0.249809 -0.48286 -0.688364 -0.856057 -0.96818 -1.00424 -0.95714 -0.843324 -0.693583 -0.532513 -0.36614 -0.186819 0.0126669 0.229091 0.448296 0.650801 0.817768 0.934427 0.991155 0.98342 0.911455 0.779891 0.597317 0.375673 0.129457 -0.125228 -0.371721 -0.5939 -0.777231 -0.909724 -0.982712 -0.99142 -0.935279 -0.817961 -0.64714 -0.433989 -0.192452 0.0616744 0.311768 0.541466 0.735743 0.881906
0.924923 0.988204 0.986776 0.92084 0.794915 0.616988 0.397983 0.152477 -0.10149 -0.346335 -0.569599 -0.76211 -0.910034 -0.992582 -0.993405 -0.915925 -0.784787 -0.629791 -0.467518 -0.296832 -0.109057 0.0989027 0.318777 0.533563 0.723625 0.871623 0.964853 0.995769 0.961786 0.86495 0.71155 0.511608 0.278203 0.0266 -0.226743 -0.465254 -0.673333 -0.837369 -0.946633 -0.993977 -0.976304 -0.894772 -0.754712 -0.565286 -0.338885 -0.0903174 0.164159 0.407897 0.62495 0.801129
0.857908 0.958 0.995373 0.9676 0.876711 0.728674 0.532566 0.300796 0.0497957 -0.202018 -0.439331 -0.651954 -0.829125 -0.952861 -1.00231 -0.968852 -0.866332 -0.723662 -0.565892 -0.401294 -0.224144 -0.027303 0.187463 0.407658 0.614635 0.789396 0.916393 0.985007 0.989718 0.929839 0.809175 0.635589 0.42043 0.17777 -0.0765168 -0.325799 -0.553771 -0.74552 -0.888505 -0.973372 -0.994571 -0.950715 -0.844672 -0.683379 -0.477386 -0.240167 0.0127617 0.264857 0.499624 0.701708
0.770921 0.905472 0.980767 0.991838 0.938102 0.823264 0.65451 0.442166 0.200493 -0.0526697 -0.299906 -0.528634 -0.729234 -0.887534 -0.982588 -0.997213 -0.932662 -0.811076 -0.661373 -0.501559 -0.332797 -0.147559 0.0579519 0.277127 0.494315 0.690271 0.847201 0.951507 0.994642 0.973061 0.887924 0.744729 0.552825 0.324761 0.075455 -0.178787 -0.421334 -0.636322 -0.809688 -0.930092 -0.989658 -0.984491 -0.914927 -0.785519 -0.604729 -0.384383 -0.138895 0.115679 0.362685 0.585963
0.665995 0.831852 0.943297 0.992972 0.977676 0.898637 0.760994 0.573092 0.346876 0.0985169 -0.153785 -0.394773 -0.61395 -0.800143 -0.935207 -0.997939 -0.978237 -0.887402 -0.752408 -0.598521 -0.436031 -0.261134 -0.0669942 0.14586 0.36655 0.577381 0.759358 0.896264 0.976527 0.993636 0.945973 0.836491 0.672307 0.464149 0.225631 -0.0276451 -0.279113 -0.512324 -0.712024 -0.86515 -0.961687 -0.995319 -0.963847 -0.86933 -0.717949 -0.519608 -0.287279 -0.0361575 0.217329 0.456595
0.54558 0.738867 0.883842 0.970964 0.994503 0.953093 0.849611 0.690431 0.485262 0.248005 -0.0037616 -0.252797 -0.486402 -0.694563 -0.862849 -0.970192 -0.998594 -0.947202 -0.835672 -0.691886 -0.535014 -0.368382 -0.185724 0.0172075 0.235319 0.454345 0.65558 0.820917 0.935948 0.991143 0.981989 0.908745 0.776094 0.592687 0.370513 0.124104 -0.130423 -0.376419 -0.597793 -0.780065 -0.911313 -0.982952 -0.990295 -0.932864 -0.814413 -0.642691 -0.428931 -0.187114 0.0669435 0.316619
0.412485 0.628693 0.8038 0.926321 0.988173 0.985388 0.918384 0.791457 0.612214 0.392101 0.146971 -0.105228 -0.349292 -0.574452 -0.76919 -0.915259 -0.991128 -0.985254 -0.906461 -0.779728 -0.630308 -0.470284 -0.297752 -0.106373 0.104343 0.325064 0.539146 0.727752 0.87411 0.965748 0.995173 0.95982 0.861775 0.707383 0.506725 0.272923 0.0212692 -0.231776 -0.469661 -0.676825 -0.839718 -0.947684 -0.993662 -0.974645 -0.891876 -0.750769 -0.560554 -0.333673 -0.0849652 0.1693
0.269811 0.5039 0.705046 0.860088 0.958818 0.994765 0.965777 0.873891 0.724664 0.527171 0.294897 0.0451154 -0.205122 -0.443006 -0.658188 -0.836042 -0.955416 -0.997529 -0.959489 -0.85849 -0.721233 -0.5678 -0.403533 -0.223521 -0.0232875 0.193428 0.413754 0.619658 0.792861 0.918231 0.985291 0.988555 0.927364 0.80557 0.631097 0.415347 0.172429 -0.0817681 -0.330616 -0.557839 -0.748573 -0.890343 -0.973875 -0.993706 -0.948538 -0.841326 -0.679083 -0.472421 -0.234857 0.0180703
0.120885 0.3674 0.589891 0.77382 0.907114 0.980989 0.990718 0.935903 0.819992 0.64984 0.436362 0.195039 -0.0564619 -0.303 -0.533558 -0.736347 -0.893063 -0.981879 -0.989868 -0.923441 -0.805528 -0.661159 -0.503982 -0.333954 -0.145405 0.0629653 0.283289 0.50004 0.694679 0.850006 0.95271 0.994331 0.971351 0.884968 0.740735 0.548057 0.319533 0.0701081 -0.183902 -0.425884 -0.640008 -0.812269 -0.9314 -0.989607 -0.983084 -0.912257 -0.781759 -0.600126 -0.379239 -0.133544
-0.0308227 0.222374 0.461023 0.669539 0.834268 0.944362 0.992626 0.976124 0.896048 0.757131 0.567791 0.341054 0.0938432 -0.156995 -0.398556 -0.620202 -0.807181 -0.938289 -0.994005 -0.969475 -0.87945 -0.749318 -0.599831 -0.438194 -0.260913 -0.0634914 0.151524 0.372643 0.582613 0.763125 0.898418 0.977111 0.992747 0.94374 0.833088 0.667965 0.459156 0.220313 -0.0329396 -0.284038 -0.516557 -0.715288 -0.867232 -0.96245 -0.994714 -0.961914 -0.866194 -0.713816 -0.514748 -0.282009
-0.181776 0.0722014 0.32145 0.549684 0.741987 0.885725 0.971439 0.993654 0.951154 0.846532 0.685882 0.479553 0.242605 -0.0076053 -0.256009 -0.491374 -0.701698 -0.868671 -0.970205 -0.992053 -0.938278 -0.82972 -0.690981 -0.537053 -0.369698 -0.184056 0.0217821 0.241309 0.460166 0.660244 0.824034 0.937462 0.991123 0.980542 0.906016 0.772281 0.588045 0.365348 0.118754 -0.135608 -0.3811 -0.601664 -0.782873 -0.912874 -0.983164 -0.989144 -0.930425 -0.810846 -0.63823 -0.423866
-0.328456 -0.0796173 0.174422 0.417055 0.632433 0.806445 0.927631 0.988091 0.984109 0.916029 0.787754 0.607025 0.386365 0.142304 -0.108531 -0.35316 -0.580706 -0.77634 -0.918847 -0.988019 -0.977117 -0.898476 -0.776047 -0.631021 -0.472306 -0.297865 -0.103363 0.109673 0.331105 0.544552 0.731804 0.876577 0.966635 0.994564 0.957836 0.858582 0.703202 0.501834 0.267642 0.0159444 -0.236796 -0.474048 -0.680293 -0.842039 -0.948707 -0.99332 -0.97296 -0.888958 -0.746809 -0.555811
-0.467447 -0.229545 0.0233674 0.274746 0.50817 0.708377 0.862206 0.959548 0.99419 0.9641 0.871013 0.720254 0.521569 0.289554 0.0412252 -0.208433 -0.448008 -0.665335 -0.842143 -0.956124 -0.991787 -0.950915 -0.852216 -0.719679 -0.569422 -0.404937 -0.222288 -0.0191561 0.199204 0.419627 0.62455 0.796279 0.920056 0.985565 0.987376 0.92487 0.801949 0.626594 0.410258 0.167088 -0.0870106 -0.335418 -0.561886 -0.751601 -0.892153 -0.974349 -0.992813 -0.946336 -0.83796 -0.674773
-0.595512 -0.374087 -0.128196 0.126073 0.372102 0.593818 0.776687 0.908667 0.981172 0.989713 0.933786 0.81646 0.64478 0.430721 0.190382 -0.0598479 -0.306933 -0.539801 -0.743597 -0.897134 -0.979573 -0.982378 -0.915496 -0.801328 -0.661284 -0.505807 -0.334335 -0.142863 0.0679406 0.289234 0.50558 0.698996 0.852782 0.953903 0.994007 0.969623 0.881993 0.736724 0.54328 0.314302 0.0647658 -0.189006 -0.430416 -0.643671 -0.814824 -0.932679 -0.989527 -0.98165 -0.909563 -0.777982
-0.709668 -0.509878 -0.276736 -0.0254993 0.227402 0.46545 0.673072 0.836616 0.945345 0.992325 0.97471 0.893378 0.752874 0.56231 0.335772 0.0899125 -0.160388 -0.403569 -0.627351 -0.813544 -0.939666 -0.989057 -0.961299 -0.872934 -0.747162 -0.601013 -0.439619 -0.260066 -0.0598003 0.157051 0.378524 0.587702 0.76683 0.900553 0.977684 0.991843 0.941488 0.829667 0.663611 0.454155 0.214996 -0.0382266 -0.288949 -0.52077 -0.718528 -0.869287 -0.963185 -0.994082 -0.959955 -0.863037
-0.80726 -0.633754 -0.418793 -0.176441 0.0774437 0.326272 0.553788 0.745068 0.887517 0.971888 0.992925 0.949278 0.843183 0.680965 0.474013 0.237961 -0.0110619 -0.259988 -0.497592 -0.709036 -0.8732 -0.96868 -0.985227 -0.930442 -0.825071 -0.690532 -0.538634 -0.370283 -0.18195 0.026386 0.247116 0.465801 0.664802 0.82711 0.938962 0.991089 0.979077 0.903268 0.768452 0.583393 0.360179 0.113407 -0.140783 -0.385765 -0.605513 -0.785655 -0.914407 -0.983347 -0.987966 -0.927962
-0.886018 -0.742833 -0.551057 -0.323236 -0.0742804 0.179533 0.421627 0.63616 0.809017 0.928866 0.988065 0.98296 0.913575 0.783664 0.601676 0.381149 0.13834 -0.111991 -0.358169 -0.587844 -0.782944 -0.920864 -0.983859 -0.969383 -0.891794 -0.773338 -0.631747 -0.473692 -0.29735 -0.100103 0.114923 0.336952 0.549804 0.73578 0.879017 0.967509 0.99394 0.955834 0.855371 0.699007 0.496934 0.26236 0.0106256 -0.241804 -0.478417 -0.683737 -0.844333 -0.949701 -0.992949 -0.971248
-0.94411 -0.834575 -0.670448 -0.462465 -0.224237 0.028651 0.279678 0.512441 0.711664 0.864234 0.960262 0.993737 0.962469 0.86786 0.715494 0.516139 0.284928 0.0377095 -0.212442 -0.454188 -0.672745 -0.847103 -0.955358 -0.985642 -0.943251 -0.847188 -0.718677 -0.570719 -0.405664 -0.220585 -0.0149328 0.204836 0.425318 0.629323 0.799644 0.921862 0.985826 0.98618 0.922357 0.79831 0.622078 0.405164 0.16175 -0.0922442 -0.340204 -0.565912 -0.754602 -0.893935 -0.974794 -0.991892
-0.98019 -0.906847 -0.774186 -0.590884 -0.368933 -0.122858 0.131253 0.376808 0.597728 0.779477 0.910152 0.981421 0.988831 0.931556 0.812552 0.639575 0.425576 0.186393 -0.0633601 -0.311923 -0.546915 -0.750421 -0.899762 -0.976193 -0.975127 -0.908719 -0.798117 -0.661546 -0.5071 -0.334101 -0.140018 0.072889 0.295006 0.510962 0.703224 0.855522 0.955081 0.993669 0.967878 0.879001 0.732699 0.538493 0.309068 0.0594282 -0.194099 -0.434929 -0.647311 -0.817352 -0.93393 -0.989419
-0.993421 -0.957971 -0.85986 -0.705503 -0.504998 -0.271467 -0.0201869 0.232431 0.469877 0.676557 0.838876 0.946323 0.992147 0.973329 0.890431 0.748284 0.556997 0.331171 0.0863488 -0.164414 -0.409698 -0.634817 -0.818906 -0.939634 -0.983607 -0.953867 -0.867595 -0.745634 -0.601994 -0.44043 -0.258727 -0.0559604 0.162475 0.384232 0.592663 0.770472 0.902662 0.978242 0.990923 0.939218 0.826229 0.659243 0.449149 0.209678 -0.0435061 -0.293845 -0.524963 -0.721743 -0.871314 -0.963892
-0.983501 -0.98676 -0.925476 -0.803655 -0.629264 -0.413716 -0.171116 0.0826811 0.331101 0.557872 0.748069 0.889249 0.972409 0.992309 0.94728 0.839469 0.675914 0.468946 0.233955 -0.0146137 -0.264947 -0.504669 -0.716056 -0.876408 -0.966069 -0.978495 -0.923641 -0.821412 -0.690328 -0.539785 -0.370277 -0.179501 0.0310153 0.252777 0.471279 0.66926 0.830141 0.940441 0.99104 0.977595 0.900502 0.764607 0.57873 0.355006 0.108063 -0.145948 -0.390413 -0.60934 -0.78841 -0.915911
-0.950667 -0.99255 -0.969511 -0.883056 -0.738838 -0.546291 -0.318019 -0.0689518 0.184647 0.426198 0.639833 0.811503 0.930104 0.988161 0.981831 0.910845 0.779256 0.59649 0.376579 0.134739 -0.116021 -0.364236 -0.595348 -0.78868 -0.92154 -0.979113 -0.962238 -0.886212 -0.771314 -0.632387 -0.474534 -0.296335 -0.0966437 0.120111 0.34264 0.554924 0.739682 0.881425 0.968366 0.9933 0.953814 0.852142 0.694798 0.492027 0.257077 0.00531309 -0.246798 -0.482766 -0.687157 -0.8466
-0.895688 -0.97521 -0.990944 -0.94186 -0.831168 -0.666106 -0.457478 -0.218936 0.0339335 0.284618 0.516688 0.714869 0.866209 0.961053 0.993388 0.960709 0.864351 0.710607 0.511157 0.280914 0.03413 -0.217359 -0.461215 -0.679937 -0.850859 -0.953503 -0.979462 -0.936492 -0.843136 -0.718014 -0.571687 -0.405833 -0.218506 -0.0106347 0.210352 0.430856 0.633989 0.802956 0.923643 0.98607 0.984968 0.919826 0.794656 0.617551 0.400065 0.156413 -0.0974686 -0.344975 -0.569916 -0.757579
-0.819853 -0.935152 -0.989282 -0.978704 -0.904108 -0.770371 -0.586244 -0.363781 -0.117526 0.136441 0.381512 0.601581 0.782185 0.911648 0.981789 0.987958 0.929052 0.808338 0.634522 0.421044 0.182765 -0.0673818 -0.317917 -0.55444 -0.756499 -0.901119 -0.972158 -0.96832 -0.902962 -0.795632 -0.661827 -0.507923 -0.333368 -0.136931 0.0778178 0.300638 0.516209 0.707369 0.858221 0.956237 0.993314 0.966114 0.87599 0.72866 0.533696 0.303832 0.0540954 -0.199179 -0.439425 -0.650928
-0.724933 -0.873313 -0.964569 -0.992733 -0.955962 -0.85666 -0.701321 -0.500114 -0.266204 -0.0148718 0.23747 0.474276 0.67996 0.841089 0.947381 0.992065 0.971812 0.887139 0.743571 0.552107 0.327157 0.0827529 -0.169278 -0.416662 -0.642156 -0.823177 -0.93852 -0.978005 -0.947213 -0.863207 -0.744522 -0.602743 -0.440726 -0.256991 -0.0520002 0.167816 0.389796 0.59751 0.77405 0.90474 0.978781 0.989985 0.936929 0.822774 0.654863 0.444135 0.204362 -0.0487777 -0.298726 -0.529135
-0.613145 -0.79114 -0.917386 -0.983627 -0.985528 -0.922966 -0.800029 -0.624762 -0.408641 -0.165792 0.087929 0.335927 0.561896 0.750992 0.890999 0.973047 0.991695 0.94501 0.835459 0.671004 0.464461 0.23031 -0.0186168 -0.270858 -0.512196 -0.722446 -0.878417 -0.962747 -0.972074 -0.917772 -0.818504 -0.690239 -0.540543 -0.369783 -0.176774 0.0356666 0.25832 0.476622 0.673628 0.833124 0.941897 0.990974 0.976095 0.897718 0.760747 0.574057 0.34983 0.102723 -0.151102 -0.395043
-0.487097 -0.690553 -0.848839 -0.951603 -0.992123 -0.967748 -0.88007 -0.734825 -0.541521 -0.312806 -0.063617 0.189772 0.430739 0.643425 0.813949 0.931426 0.988346 0.980565 0.907778 0.774728 0.5917 0.372574 0.131137 -0.120822 -0.371124 -0.602809 -0.793431 -0.921149 -0.974114 -0.955749 -0.881545 -0.76977 -0.632888 -0.474909 -0.294911 -0.0930231 0.12525 0.348197 0.559926 0.743513 0.883797 0.969203 0.992642 0.951775 0.848896 0.690576 0.487112 0.251793 7.01889e-06 -0.251779
-0.34973 -0.573899 -0.76053 -0.897414 -0.975599 -0.98997 -0.939585 -0.827739 -0.661753 -0.452492 -0.213634 0.039229 0.289553 0.520873 0.718 0.868207 0.961958 0.993034 0.958682 0.860555 0.705848 0.506727 0.277262 0.0301548 -0.223177 -0.468726 -0.686606 -0.853489 -0.950894 -0.973469 -0.930576 -0.839847 -0.717549 -0.572338 -0.405536 -0.216122 -0.00627468 0.215775 0.436265 0.638557 0.806212 0.925395 0.986295 0.983737 0.917276 0.790985 0.613013 0.39496 0.151079 -0.102684
-0.204247 -0.443902 -0.654521 -0.822328 -0.936345 -0.989118 -0.977191 -0.901344 -0.766537 -0.5816 -0.35863 -0.112184 0.141639 0.386184 0.605354 0.784858 0.913228 0.98224 0.986946 0.926221 0.804002 0.629841 0.417058 0.179166 -0.0721116 -0.324717 -0.561998 -0.761696 -0.901431 -0.96778 -0.962052 -0.898073 -0.793677 -0.662056 -0.508331 -0.332223 -0.133647 0.0827321 0.306155 0.521339 0.711436 0.860879 0.95737 0.99294 0.964332 0.872962 0.724606 0.528891 0.298594 0.0487677
-0.0540414 -0.303593 -0.533287 -0.728098 -0.875284 -0.965218 -0.992018 -0.953927 -0.853437 -0.697126 -0.495229 -0.260937 -0.00954171 0.242502 0.478612 0.683292 0.843329 0.94855 0.991974 0.970035 0.883566 0.738972 0.547741 0.323507 0.0788142 -0.174992 -0.424139 -0.649073 -0.826396 -0.93662 -0.972479 -0.94131 -0.859582 -0.743681 -0.603252 -0.440584 -0.254929 -0.0479407 0.17309 0.395239 0.602256 0.777568 0.906786 0.979299 0.989028 0.934622 0.819302 0.65047 0.439116 0.199046
0.0973867 -0.156245 -0.399657 -0.616927 -0.793843 -0.918834 -0.983725 -0.984269 -0.92043 -0.796383 -0.620255 -0.403564 -0.160457 0.0931876 0.340718 0.565841 0.753885 0.892833 0.973763 0.990942 0.942423 0.831325 0.66644 0.460503 0.226724 -0.0232677 -0.277557 -0.519826 -0.728054 -0.87941 -0.959007 -0.966079 -0.91272 -0.816165 -0.690178 -0.540943 -0.368882 -0.173819 0.0403373 0.263765 0.48185 0.677912 0.83606 0.943325 0.990887 0.974576 0.894916 0.756872 0.569374 0.34465
0.246509 -0.00529245 -0.256747 -0.491407 -0.693924 -0.851051 -0.952512 -0.991669 -0.965958 -0.877061 -0.730799 -0.536749 -0.307586 -0.0582652 0.194888 0.435216 0.64695 0.816426 0.932855 0.988519 0.979044 0.904438 0.770297 0.587406 0.368937 0.127243 -0.126426 -0.378549 -0.609942 -0.797207 -0.919952 -0.969087 -0.949919 -0.877629 -0.76856 -0.633223 -0.474879 -0.293148 -0.089269 0.13035 0.353642 0.564825 0.747277 0.88613 0.970015 0.991964 0.949718 0.845633 0.68634 0.482189
0.389852 0.145747 -0.107889 -0.354468 -0.577861 -0.763455 -0.899112 -0.975959 -0.988967 -0.937283 -0.824291 -0.657393 -0.447502 -0.208317 0.0445353 0.294451 0.524981 0.721106 0.87029 0.962937 0.992544 0.956346 0.856632 0.70141 0.502805 0.273696 0.0255901 -0.229763 -0.476402 -0.692591 -0.855138 -0.947802 -0.967794 -0.925417 -0.837154 -0.717186 -0.572692 -0.404844 -0.213485 -0.00186247 0.22112 0.441563 0.643037 0.809415 0.927116 0.986498 0.982486 0.914709 0.787299 0.608463
0.524078 0.293353 0.0434453 -0.209303 -0.448361 -0.658091 -0.824775 -0.937511 -0.988925 -0.97565 -0.898555 -0.762691 -0.576952 -0.353469 -0.106824 0.146828 0.390791 0.609064 0.787564 0.914913 0.982677 0.985687 0.923121 0.799749 0.625629 0.413441 0.175323 -0.0775967 -0.332072 -0.569314 -0.765996 -0.900925 -0.963284 -0.956349 -0.893916 -0.79211 -0.662191 -0.508374 -0.330732 -0.130199 0.0876351 0.311573 0.526364 0.715429 0.863494 0.958476 0.992545 0.962531 0.869916 0.720538
0.646065 0.43409 0.193731 -0.059297 -0.308446 -0.537419 -0.731238 -0.877228 -0.965839 -0.991274 -0.951864 -0.850194 -0.692924 -0.490338 -0.255652 -0.00420063 0.247496 0.482873 0.686602 0.845654 0.949789 0.99175 0.967957 0.879862 0.734669 0.543865 0.31997 0.074342 -0.181455 -0.431836 -0.655397 -0.828676 -0.934183 -0.96717 -0.936101 -0.856567 -0.74301 -0.603523 -0.440064 -0.252595 -0.0437979 0.178308 0.400577 0.60691 0.781025 0.908796 0.979794 0.988052 0.932297 0.815814
0.752982 0.564681 0.339467 0.0920543 -0.161378 -0.404253 -0.620686 -0.79652 -0.920254 -0.983794 -0.982981 -0.917868 -0.792724 -0.615742 -0.398475 -0.155101 0.0984365 0.345445 0.569726 0.756813 0.894769 0.974464 0.989949 0.939571 0.827258 0.662318 0.456915 0.222939 -0.0286266 -0.284826 -0.527294 -0.732841 -0.879581 -0.955065 -0.960558 -0.90837 -0.814256 -0.690092 -0.541021 -0.367636 -0.170673 0.0450249 0.269128 0.486976 0.682117 0.838946 0.944724 0.990779 0.973037 0.892096
0.842353 0.682091 0.477259 0.241224 -0.0105852 -0.261701 -0.495698 -0.697272 -0.853237 -0.953393 -0.991185 -0.96414 -0.874031 -0.726765 -0.531968 -0.302345 -0.0529024 0.199967 0.43962 0.650456 0.818987 0.934352 0.988561 0.97723 0.900961 0.766138 0.583586 0.365436 0.122869 -0.132754 -0.386244 -0.61657 -0.800088 -0.918173 -0.964184 -0.944714 -0.87433 -0.767579 -0.633381 -0.474496 -0.291099 -0.0854026 0.135416 0.358992 0.56963 0.750975 0.888424 0.970801 0.991266 0.947641
0.912122 0.783597 0.603903 0.384738 0.140417 -0.113086 -0.359191 -0.581801 -0.766355 -0.900783 -0.97629 -0.987935 -0.934955 -0.820829 -0.653026 -0.442497 -0.202979 0.0498313 0.299286 0.529031 0.724248 0.872471 0.963901 0.991821 0.953749 0.852759 0.697389 0.499256 0.269976 0.0203638 -0.23693 -0.483991 -0.697829 -0.855971 -0.944435 -0.962506 -0.920925 -0.834923 -0.716862 -0.572769 -0.403813 -0.210635 0.00259424 0.226399 0.446762 0.647436 0.812563 0.928805 0.986678 0.981216
0.96071 0.866852 0.716456 0.519256 0.288112 0.0381282 -0.214347 -0.452801 -0.661637 -0.827196 -0.938649 -0.988703 -0.974081 -0.895746 -0.758835 -0.572293 -0.348285 -0.101452 0.151979 0.395328 0.612757 0.790353 0.916664 0.982988 0.984143 0.919879 0.795743 0.621873 0.409984 0.171053 -0.0837815 -0.339741 -0.57621 -0.769447 -0.899804 -0.958821 -0.951204 -0.890371 -0.790823 -0.662208 -0.508093 -0.328948 -0.126612 0.0925292 0.316907 0.531297 0.719353 0.866064 0.959554 0.992129
0.987054 0.929952 0.81231 0.641649 0.429059 0.188417 -0.0645445 -0.313283 -0.541529 -0.734354 -0.879145 -0.966432 -0.990499 -0.949776 -0.846937 -0.688714 -0.485429 -0.250344 0.00112985 0.252429 0.48708 0.68995 0.848076 0.951014 0.9913 0.965622 0.876192 0.730757 0.540362 0.31632 0.0692541 -0.188504 -0.439516 -0.66105 -0.830151 -0.931407 -0.96216 -0.931517 -0.85404 -0.742437 -0.603566 -0.439218 -0.250031 -0.0395842 0.183479 0.405823 0.611481 0.784424 0.91077 0.980263
0.990647 0.971478 0.889257 0.749077 0.559979 0.334281 0.0867258 -0.166499 -0.408832 -0.624423 -0.799171 -0.921646 -0.983834 -0.981664 -0.915286 -0.789055 -0.611216 -0.393361 -0.149733 0.103647 0.350103 0.573597 0.759823 0.896769 0.975044 0.988679 0.936571 0.823414 0.658637 0.453508 0.218777 -0.0346588 -0.292446 -0.534422 -0.736832 -0.879114 -0.951076 -0.955523 -0.904621 -0.812671 -0.689946 -0.540808 -0.366094 -0.167366 0.0497274 0.274419 0.492012 0.68625 0.841785 0.946092
0.971561 0.990545 0.945545 0.839055 0.67783 0.472322 0.235939 -0.0158712 -0.266641 -0.499969 -0.700595 -0.855396 -0.954244 -0.990671 -0.962295 -0.870987 -0.722721 -0.527167 -0.29708 -0.0475502 0.204985 0.443973 0.654001 0.821642 0.935836 0.988387 0.975161 0.897502 0.762345 0.580138 0.36186 0.117925 -0.139671 -0.393985 -0.622601 -0.802183 -0.916 -0.959496 -0.940088 -0.871534 -0.76675 -0.63336 -0.473804 -0.288807 -0.0814405 0.140456 0.364259 0.574352 0.754611 0.890678
0.930459 0.986833 0.979924 0.909517 0.779879 0.599332 0.37962 0.13509 -0.118272 -0.363897 -0.585719 -0.769229 -0.902426 -0.976591 -0.986872 -0.932607 -0.817355 -0.648643 -0.437466 -0.197629 0.0550894 0.304055 0.53307 0.727471 0.874717 0.96475 0.990829 0.950997 0.849086 0.693791 0.495906 0.265925 0.0144924 -0.24448 -0.491315 -0.702326 -0.856148 -0.940947 -0.95763 -0.917014 -0.833054 -0.716534 -0.57259 -0.402489 -0.207604 0.00708924 0.231622 0.451876 0.651759 0.81566
0.86859 0.960602 0.991689 0.958869 0.863771 0.71236 0.514426 0.282868 0.0328167 -0.219378 -0.457223 -0.665161 -0.829592 -0.939758 -0.988449 -0.972485 -0.892922 -0.754966 -0.567611 -0.343077 -0.0960912 0.15707 0.399815 0.616489 0.793235 0.918404 0.983091 0.982346 0.916639 0.792078 0.618488 0.406488 0.166257 -0.0905531 -0.347513 -0.582582 -0.772138 -0.898242 -0.954497 -0.946585 -0.887337 -0.789737 -0.662095 -0.507524 -0.326912 -0.122907 0.097416 0.322168 0.536147 0.723211
0.787767 0.912706 0.980706 0.986034 0.927587 0.808789 0.637221 0.424022 0.183105 -0.0697834 -0.318105 -0.545619 -0.737445 -0.881035 -0.966993 -0.989695 -0.947666 -0.843668 -0.684486 -0.480492 -0.245024 0.00642304 0.257296 0.491276 0.693376 0.850561 0.952131 0.990588 0.963125 0.872698 0.727252 0.537076 0.312385 0.0635509 -0.195964 -0.447002 -0.666018 -0.830961 -0.928444 -0.957492 -0.927488 -0.851902 -0.741912 -0.603392 -0.438087 -0.247269 -0.0353095 0.18861 0.410989 0.615975
0.690314 0.844575 0.947426 0.99049 0.969898 0.886401 0.745158 0.555268 0.329092 0.0814015 -0.171609 -0.413393 -0.628137 -0.801797 -0.923009 -0.983842 -0.98032 -0.912689 -0.785372 -0.606665 -0.388222 -0.144376 0.1088 0.354714 0.577506 0.762924 0.898762 0.975424 0.987159 0.933557 0.819887 0.655323 0.450096 0.214133 -0.0412724 -0.300222 -0.541098 -0.740091 -0.878166 -0.94715 -0.950961 -0.901382 -0.811329 -0.689718 -0.540331 -0.364296 -0.16392 0.054443 0.279649 0.496967
0.578996 0.758188 0.89289 0.972291 0.989802 0.943428 0.835741 0.673556 0.467379 0.230654 -0.0211498 -0.271567 -0.504221 -0.703895 -0.857527 -0.955064 -0.990126 -0.96043 -0.867929 -0.718658 -0.522336 -0.291803 -0.0422345 0.20994 0.448316 0.657623 0.82436 0.937218 0.987958 0.972926 0.894196 0.758941 0.576921 0.358044 0.112396 -0.147021 -0.401598 -0.628005 -0.803612 -0.91358 -0.955081 -0.935986 -0.869148 -0.766018 -0.633161 -0.472838 -0.286304 -0.0773961 0.145472 0.369453
0.456912 0.656011 0.818705 0.932077 0.986961 0.97861 0.906893 0.776146 0.594751 0.374498 0.129766 -0.123448 -0.368586 -0.589616 -0.772079 -0.904039 -0.97686 -0.985784 -0.930242 -0.813867 -0.644234 -0.432407 -0.192288 0.060291 0.308778 0.537147 0.730783 0.876958 0.965407 0.989589 0.948217 0.845706 0.690556 0.492583 0.261437 0.00804841 -0.252232 -0.498257 -0.706124 -0.855815 -0.937452 -0.953172 -0.913606 -0.831463 -0.716171 -0.572177 -0.40091 -0.204416 0.0116176 0.236797
0.327365 0.54092 0.727007 0.871072 0.961619 0.991225 0.957007 0.860672 0.708251 0.509587 0.277623 0.0275111 -0.224397 -0.461626 -0.668661 -0.83196 -0.940835 -0.988166 -0.970867 -0.890083 -0.751077 -0.562898 -0.337855 -0.0907655 0.1621 0.404294 0.620297 0.79618 0.920049 0.982946 0.980377 0.913529 0.788785 0.615347 0.402794 0.160909 -0.0977746 -0.355221 -0.588385 -0.774167 -0.89638 -0.950374 -0.942455 -0.884727 -0.78879 -0.661846 -0.506697 -0.324657 -0.1191 0.102297
